0 1.0 9.043679867482002e-12 2.3268090579287026e-11 5.551115123125783e-17 9.043683336928954e-12 1.0 2.392369913284398e-10 3.3306690738754696e-16 2.3268099252904406e-11 2.392369913284398e-10 0.9999998807907104 -4.440892098500626e-16
1 0.9999909400513892 -0.002808284234246623 -0.003198962009785182 -0.0021371985554455124 0.002803875714022342 0.9999951147503842 -0.0013815776340674439 -0.013118878394656534 0.003202825479958614 0.0013725960528425916 0.9999938097142909 0.681704381576715
2 0.9999714767883929 -0.0018924628862502515 -0.007311922456241203 -0.011739457269724942 0.0018733797216305983 0.9999948240458174 -0.0026157841739349427 -0.021202575809366957 0.0073168330794535184 0.0026020119422679607 0.9999697270697657 1.3788184420518892
3 0.9999348296432581 -0.0014378269844920282 -0.0113255972408417 -0.024428514115541214 0.0013972507956360434 0.9999925805915235 -0.0035897696357159417 -0.02788598527123593 0.01133067185879186 0.0035737113431536845 0.9999293005092851 2.096353750745764
4 0.9998699528392517 -0.0001739107055957424 -0.016125979793942456 -0.04037071499750683 0.00010677445237029056 0.9999913248022403 -0.0041640016820698195 -0.035457599288438404 0.016126560028512826 0.004161738659861905 0.9998611781261734 2.827439783085147
5 0.9997884745190053 -0.0010325620375288363 -0.02054118112508252 -0.05724887495314814 0.0009450081789652238 0.9999904301566799 -0.004271597611339758 -0.04840989586212336 0.02054539008548048 0.004251282812272064 0.9997797632694668 3.5685806630417707
6 0.999683255845569 0.00011095710101160002 -0.025166958404592987 -0.08263904842290111 -0.0002330334562013931 0.9999882222850939 -0.004847780374998596 -0.06206324171641845 0.025166117777367623 0.004852109931556469 0.99967138851414 4.328156762551767
7 0.9995466720539645 0.002724850774761657 -0.029983758073579732 -0.11402654438884638 -0.002883282872987243 0.999982103969999 -0.005241984360593463 -0.07424745380863002 0.029968930321355634 0.00532605998668802 0.9995365214574713 5.102337975308904
8 0.9993986953377412 0.004050218283108057 -0.034436081554680885 -0.14728103019867797 -0.004207323310004402 0.9999810644484955 -0.004491008031699742 -0.0824519729649693 0.03441723126232275 0.0046331916350592795 0.9993966925635985 5.890227449924146
9 0.9992422284366178 0.0038069665045151802 -0.03873598052072485 -0.1841803410267865 -0.0038974421307133144 0.9999898500400437 -0.0022604748627942815 -0.09363938657328605 0.03872697204307881 0.0024097336070385863 0.9992468044207231 6.692271227663508
10 0.9991041650439357 0.002413074112873895 -0.042249790253286866 -0.2186888908710028 -0.002421325232922838 0.9999970581975721 -0.00014413345702006937 -0.10733937873492169 0.04224930750641851 0.0002463053284827451 0.9991069495429145 7.5033361217006345
11 0.9989840522740457 0.002999093460316424 -0.044965198648333225 -0.2659403948028476 -0.003005146848796487 0.9999954822850772 -6.704042241038558e-05 -0.11823981369956475 0.044964783108835296 0.00020209985033821815 0.9989884327035767 8.320920071451722
12 0.9988799328918168 0.0024784577768361903 -0.04725184961867095 -0.3099558176560775 -0.002501987790875719 0.9999967737285834 -0.0004388425972430889 -0.12476401459246934 0.047250597600650916 0.0005565751156452004 0.9988827921529864 9.144058802466272
13 0.9987880161757345 0.0003785805477619544 -0.0492174341415733 -0.346721100881757 -0.0004070388211615413 0.9999997557359842 -0.0005681949114788992 -0.13908148962072264 0.04921719459502234 0.0005875401742725855 0.9987878071608144 9.977448210357858
14 0.9986823744428868 0.00023635625947553276 -0.05131724414996327 -0.3954913836223496 -0.00023832310071906005 0.9999999710821093 -3.2208371839958856e-05 -0.14834077016121164 0.05131722210396122 4.4396539415469194e-05 0.9986822827566818 10.814886284613738
15 0.9986103994541518 -0.0022132327983281222 -0.05265332045156907 -0.445392382208661 0.0022183771348685505 0.999997538628873 3.926892529159544e-05 -0.16204623175415891 0.05265309065182265 -0.0001560187513703096 0.9986127321586916 11.667536678746
16 0.9985252549410623 -0.0005927080235009943 -0.054285950500694 -0.49784338452071264 0.0005056842034988565 0.9999985651466566 -0.0016167824676737847 -0.16984305716684875 0.05428681718783406 0.0015869470436382976 0.9985240028076497 12.52014964654683
17 0.998453531620681 8.893932490470233e-05 -0.055592605497739436 -0.5548053690897082 -0.0002966396002180807 0.999993007455476 -0.0037278728568679027 -0.18214610087979907 0.055591871180876044 0.0037385991744631392 0.9984464571639637 13.391049790014472
18 0.99836457614706 0.003513847498695788 -0.057059850204193754 -0.6155271620817248 -0.003812156179356982 0.9999796263042585 -0.005120001897189311 -0.19372681511958798 0.05704068238600653 0.005329149915969525 0.9983575120080511 14.274836192532273
19 0.9982773718975921 0.004399464917250304 -0.058505846102685756 -0.6737519468691937 -0.00469761328391835 0.9999766676113172 -0.004959499713505034 -0.20864792280104533 0.05848264711942483 0.005225794517030178 0.9982746275957732 15.166595443205267
20 0.9982034600087885 0.0034609227038293736 -0.05981534103135282 -0.727291222993838 -0.0036951812778491613 0.9999859291100736 -0.0038062053175716005 -0.22675048983397683 0.05980131130121212 0.0040203962284311116 0.9982020840482867 16.065319229195385
21 0.9981444482189286 0.003354128068790865 -0.060798116039036315 -0.7850019825281862 -0.003517359281780824 0.9999904910132288 -0.0025779938344765723 -0.2438387954883792 0.06078887564511809 0.002787059480627371 0.9981466354669595 16.964658556325503
22 0.998059331555108 0.003300590811484699 -0.06218261348765101 -0.8452163664837838 -0.0034441054980829944 0.9999916469984033 -0.0022009219163861985 -0.2641393254616425 0.062174814038207946 0.002410814582272482 0.9980622432710119 17.872955473928993
23 0.99798327816366 0.0029721494599048424 -0.06340775566871233 -0.9058303990339885 -0.0031711039154191907 0.9999903593947567 -0.0030373019122062906 -0.27630676189558534 0.06339810105980893 0.0032322495160300112 0.9979829629284587 18.779572072964164
24 0.9978908992463077 0.0021867192212852876 -0.06487659155246699 -0.968670181824015 -0.002412240944881825 0.9999913171512549 -0.003398043920981186 -0.2975015541174128 0.06486858129384951 0.0035473754779210636 0.9978873905465401 19.700873838453383
25 0.9978489241231621 0.0020232350074607264 -0.06552428427149175 -1.036210988315681 -0.0021544647382015967 0.9999958124831236 -0.0019321720771908082 -0.31348817275653895 0.06552008410578469 0.0020691860474684716 0.9978489855460784 20.62464468975644
26 0.9978850959022445 0.002612255721087781 -0.06495007444010101 -1.1050141727707112 -0.0025341575342656174 0.9999959636814427 0.0012847812760885527 -0.32212083469210456 0.06495315205560608 -0.0011174697882487038 0.9978875689228085 21.550792612370113
27 0.9979046345838226 0.0031582992107844184 -0.06462481018312052 -1.17175449812383 -0.0028470899273494304 0.9999839068555538 0.004907148845192633 -0.33644903343759425 0.06463925208495902 -0.0047128732163831755 0.9978974480513781 22.490072471744114
28 0.9979956535881741 0.0022958499620748057 -0.06324085018976475 -1.2326800468507568 -0.0018218316927092338 0.9999698230288318 0.007552083639906266 -0.34578976636618636 0.06325626424463164 -0.007421731650969141 0.9979696006730624 23.435174849716468
29 0.9981247744433488 0.0016652853508592462 -0.06118955849463144 -1.2946947981272054 -0.0011556772802049297 0.9999643634168522 0.008362793483197213 -0.3551566156022027 0.06120128888589365 -0.008276395134851513 0.9980910101256119 24.37863919806237
30 0.9981743576108569 0.0022858854823249353 -0.06035500910465907 -1.3571058639210511 -0.0019234257625793602 0.9999797708185914 0.006062869923832806 -0.3657631111928315 0.06036763195272932 -0.005935712157969943 0.9981584429948682 25.328804905481814
31 0.9982550135315557 0.003602104099570173 -0.058940252565629715 -1.4190452946337597 -0.003534380287081268 0.9999929687675848 0.0012532217462514976 -0.3753823630909891 0.058944337497976756 -0.0010427170532634374 0.9982606066748332 26.285504787579864
32 0.9983080611716912 0.003477772615094993 -0.05804240388464836 -1.476062146415333 -0.0035691952910202013 0.9999925477056626 -0.0014715182326324994 -0.3877628594035924 0.05803683908179442 0.0016761936571844359 0.9983129152356992 27.24302842867436
33 0.998354597874616 0.0015173035218825903 -0.057321856446243505 -1.5332726375312264 -0.0015387713514149893 0.9999987615125544 -0.00033038185462793795 -0.403336646864059 0.057321269695392904 0.00041804398766764146 0.9983555771023032 28.214235298595767
34 0.9983684404351854 -0.0010424969366999493 -0.0570909000501019 -1.5904708886083034 0.0013126222222167802 0.9999881206682513 0.00469420437551753 -0.4158886895713992 0.057085313739476104 -0.004761483580832007 0.9983578297764727 29.1923130871543
35 0.9982918530278175 -0.004896878744564423 -0.0582185305547978 -1.6485679293475055 0.005386118857660865 0.9999514658719831 0.008249584118683399 -0.42553514241842766 0.05817529305937501 -0.008549063697901428 0.9982696578638728 30.171383777908105
36 0.9981641373348804 -0.012333257164852816 -0.0592979450179395 -1.701578877083038 0.012825555376491583 0.9998863137545458 0.007928725832973106 -0.4415424133310393 0.059193401684029305 -0.008674698015482579 0.9982087215697959 31.156575674249563
37 0.9980680129923135 -0.013657642769987514 -0.06061114452895954 -1.762373869748295 0.013945453856832329 0.99989339048693 0.004328044253410382 -0.4528797991300487 0.06054555662364522 -0.005164931735198274 0.9981519523796882 32.14715964165967
38 0.9979767293489472 -0.012885982370826986 -0.06226074018629173 -1.8301567804355598 0.012951297843344384 0.9999159199784527 0.0006456360408205466 -0.4638228097953251 0.06224716992175251 -0.0014506865590108485 0.9980595905587805 33.12129835041007
39 0.9978570236982232 -0.013086494821817516 -0.06411009730690467 -1.9045570660174918 0.01311373630964911 0.9999140112473971 4.1682171008599595e-06 -0.4698092571660425 0.06410451381681305 -0.0008448816413869838 0.9979427129906897 34.10855809775958
40 0.9977905260916236 -0.01513694433662995 -0.0646911094766312 -1.976220449132464 0.015277162601804421 0.999881897014801 0.0016734111205017502 -0.48632533180353943 0.06465812259411455 -0.0026580097399613047 0.9979038145437815 35.114000531526436
41 0.9977274688999632 -0.01271328321589007 -0.06616850411948474 -2.0546058655000152 0.01299683840442315 0.9999080998846396 0.00385667856938404 -0.49118591480430324 0.06611337547183702 -0.0047078948023964486 0.9978008910567299 36.111465722204166
42 0.9976698760010307 -0.011653682408173964 -0.0672235890755476 -2.1308198546157033 0.012017886873070345 0.9999152015773082 0.005015979236841008 -0.5055435652162089 0.06715941701929355 -0.005812176128454622 0.997725208750355 37.12548525294766
43 0.9975790306036352 -0.011459123922519814 -0.06859130358177105 -2.2035882119536834 0.011977058799741628 0.9999027478167074 0.00714457635436448 -0.5121944938974514 0.06850274502691427 -0.007948800805214014 0.9976191414174947 38.12547260286888
44 0.9975726897069765 -0.011568606167035946 -0.06866510651114596 -2.278963488777239 0.012325727853944117 0.9998677125743775 0.010612906523161561 -0.5290935595253814 0.06853322911913359 -0.01143349216711575 0.997583195825808 39.13334440072305
45 0.9975912588411839 -0.007302407105523674 -0.06898083705002561 -2.360456851542242 0.008168419538302689 0.9998912247670122 0.012280699007028073 -0.5207163254822873 0.06888363756592734 -0.012814581388845798 0.9975422756971337 40.14401698066195
46 0.9975667265994037 -0.00777284923898511 -0.06928354457807769 -2.437725865692898 0.00864264936533716 0.9998874513635179 0.012263328616749777 -0.5264570845487448 0.06918040831589312 -0.012832280957333277 0.9975215107897255 41.145978740391364
47 0.9975538965406398 -0.008791282234445167 -0.06934650394465798 -2.508128720531647 0.009574918332032835 0.9998939181975552 0.010976032954483008 -0.5330293710689787 0.06924263663463436 -0.011613170589859985 0.9975321309898421 42.14168673025289
48 0.9975948367556644 -0.006267902396464482 -0.06903083241316516 -2.5875523848301354 0.006908908312737453 0.9999351712764823 0.009050980239469103 -0.538934619960517 0.06896960913969198 -0.009506137958885625 0.9975733492725678 43.14632638537275
49 0.9975160040838505 -0.006640607938714071 -0.07012649065120544 -2.6587648950634604 0.00731722308559052 0.9999290837785078 0.00939604559965579 -0.5487412066855452 0.07005910438200665 -0.009885836134811435 0.9974937357886254 44.1262561986495
50 0.9974048537395053 -0.009035091725875601 -0.07142776528476971 -2.7313576437701403 0.009811948127388897 0.9998963879995554 0.010532755938700428 -0.5592340667492196 0.07132518206354203 -0.011206266473713285 0.9973900434480357 45.11655637455378
51 0.9973505860242713 -0.008734332495409851 -0.07221856276551047 -2.8067328513360126 0.009576046501576315 0.9998901052071927 0.01131710436168683 -0.5676098527706644 0.07211176073783084 -0.011978688002163989 0.997324503737105 46.115140153435505
52 0.9973286365297083 -0.007239187582251984 -0.07268552636565047 -2.887440708392342 0.00789486639288146 0.9999306608741398 0.008737536264299675 -0.5853623925696062 0.07261721539469508 -0.009288036766940476 0.9973165160314579 47.08819273562819
53 0.9973261763830855 -0.005347137308853808 -0.0728828295822364 -2.969211550637112 0.005638495710300753 0.9999769119642911 0.0037924812391527825 -0.5906722112279816 0.07286084953084071 -0.004193289642263853 0.9973331808755591 48.05898297895983
54 0.9972827090563917 -0.0053052616870041544 -0.07347825019954969 -3.0521718722609377 0.005555993125445619 0.9999794184785806 0.0032083591338832053 -0.6036967364497055 0.07345969815738396 -0.0036078850700525305 0.9972915404473549 49.02468829032466
55 0.9972449937530453 -0.0066473832188408835 -0.0738798726141487 -3.1277336974634573 0.007124422852010361 0.9999554293008921 0.0061953225472988075 -0.6096521113598771 0.0738353783915499 -0.006704605061252036 0.997247785604336 49.99968194718381
56 0.9972236797977497 -0.010087582650513691 -0.0737778691627456 -3.2023429793328875 0.010845864937937546 0.9998923258937158 0.009884525173479673 -0.6278379340018239 0.07367019560649286 -0.010657266439735368 0.9972255941742404 50.98569222806156
57 0.9971785504087847 -0.010940034916847741 -0.07426476354811865 -3.277043354301364 0.01172872609793867 0.9998792705758047 0.010192215636001832 -0.6325194920596212 0.07414427566470747 -0.011034488938810172 0.9971863552789823 51.941342787931944
58 0.9971234272890451 -0.014415495771513001 -0.07441145821532133 -3.3487792720791556 0.01516301477225963 0.9998399926908338 0.009490626298792318 -0.6437787638984525 0.07426272097711101 -0.010591626936711384 0.9971823436182966 52.90447538622707
59 0.9970611483855916 -0.01739189924995701 -0.07460957794457054 -3.4181618012361805 0.018090283199739477 0.9997985494142984 0.008694953429252951 -0.6573741652438784 0.07444330722287443 -0.010019107743862504 0.9971747952080725 53.874271071710275
60 0.996941946619743 -0.0180334336053634 -0.07603651279472914 -3.4916470820875602 0.018821450973232987 0.9997761951967121 0.00965983796250826 -0.6640843414154673 0.07584527623055397 -0.011061414218663497 0.9970581226120476 54.82638181445889
61 0.9968203589420741 -0.021683862403073687 -0.07667452696216998 -3.5634402271978787 0.022793886783487264 0.9996472458807167 0.013631671506833644 -0.6690507757898603 0.0763518731026544 -0.015336037072628532 0.9969628669651561 55.78587929306586
62 0.9966706612926401 -0.024376666961253495 -0.07780341926254677 -3.636960823842988 0.025924509983351312 0.9994843408294894 0.01894655977013208 -0.6797336885596114 0.07730142567630761 -0.02090049446975777 0.9967885530892711 56.74481257246527
63 0.9966460152041695 -0.023231710017012026 -0.0784666110838148 -3.719702737805831 0.024945795869383915 0.999469563044518 0.020935609157581667 -0.6725377489443729 0.07793859976800152 -0.022822802127194463 0.996696771846026 57.695327517688966
64 0.9966018962437764 -0.02285792884965567 -0.07913391518000572 -3.801255205652957 0.024334173402458154 0.9995464468333681 0.017741154182448215 -0.6758688577534591 0.07869247778984391 -0.01960652505477071 0.9967059941287464 58.635171627227805
65 0.9965070716735704 -0.021304256391493543 -0.08074519074657416 -3.8826376628055277 0.02221620159787048 0.9996989642041744 0.010412554922520478 -0.6801362672208827 0.08049903145186578 -0.012170035066213851 0.9966802680671167 59.558392175798836
66 0.9964743530687915 -0.01987530074472213 -0.08150973664803 -3.9659698909389296 0.020404404791754042 0.9997757676293763 0.0056634513348974395 -0.6953220338601113 0.08137887614825348 -0.0073066408619708 0.9966563359908741 60.481565153031156
67 0.9964961340743439 -0.015281020911449837 -0.08223105396572983 -4.052233513052095 0.01583057049851772 0.99985647459769 0.006035165752255461 -0.6977682447800829 0.0821270074597296 -0.007315783028702414 0.9965948998973438 61.39543419165703
68 0.9964305795781528 -0.013107459488391173 -0.08339241971932995 -4.131843533285353 0.013849631914169592 0.9998694115332141 0.008327518833878878 -0.713013468933646 0.08327235595759601 -0.009452747844177269 0.9964818717867804 62.29645264981326
69 0.9963430345797255 -0.011617036748670746 -0.08464988485371264 -4.2154802026198634 0.012485481879342291 0.9998746428712327 0.009737108669885346 -0.7264449926510458 0.08452613566224283 -0.0107583940611299 0.9963630612506004 63.18387318409184
70 0.9962943787485898 -0.010463204042685298 -0.085369979226496 -4.295806821703622 0.011325099200609312 0.999889612278877 0.009617972169303105 -0.7384210896001171 0.08525989906300395 -0.010549154154513112 0.9963027779837041 64.05708632453559
71 0.996146469437156 -0.009085813753131427 -0.08723336848246754 -4.374818091110978 0.010019190716987217 0.9998970875663721 0.010267916115211008 -0.7490654682990294 0.08713107667632997 -0.011102355182819053 0.9961348671740632 64.9084677979536
72 0.9960432160108983 -0.008402293666755604 -0.08847211136802124 -4.456871040690375 0.00939099243872468 0.9998979570862357 0.010764974924160538 -0.7609905535219442 0.08837261058643153 -0.011553220194686284 0.996020363839643 65.75564257072722
73 0.9958821743877269 -0.008770833348546 -0.09023174859748437 -4.537694710202647 0.009815701076542026 0.9998897410070002 0.01114261413274107 -0.772573537595322 0.09012404693103704 -0.011982417667645308 0.9958583424206664 66.57923531310851
74 0.9957620037591837 -0.008735445136506217 -0.09155176206794771 -4.615771872678021 0.009880602935821355 0.9998784268680063 0.012062552709241446 -0.7816002844099783 0.09143523694009283 -0.01291601723423679 0.9957271384509288 67.3893124127746
75 0.9956794155396768 -0.006723412287705186 -0.09261370574670344 -4.6997941436715545 0.00810658894121841 0.9998610357877545 0.014566823287230296 -0.7877307180601654 0.0925028735998375 -0.015254666218778079 0.995595436816524 68.19887772589142
76 0.9955504163220116 -0.0057120590438856705 -0.09405712240008514 -4.782629487050113 0.007466921129672491 0.9998043642809816 0.0183160657171882 -0.7899885900956832 0.09393407525561218 -0.018936882704299097 0.9953981837532624 68.98375766482627
77 0.9953909030751069 -0.004179169792439285 -0.09580963413619199 -4.864329627114993 0.006139106718001114 0.9997776973370069 0.020170951524640362 -0.7959374874181693 0.09570401335614294 -0.020666165894810504 0.9951951625730622 69.76030374561157
78 0.99527613632841 -0.0014938693084080737 -0.09707307671760869 -4.948931599052305 0.003143440698936076 0.999853215660128 0.016842384871221795 -0.8046341847976457 0.0970336430442995 -0.01706796600466891 0.9951346224547816 70.50940993552246
79 0.9951251484676665 -0.0010739142836710424 -0.09861433492305884 -5.030469396595875 0.0020151455258175265 0.9999533601097906 0.009445464928226153 -0.8099476411564717 0.09859956700819457 -0.009598141005680112 0.9950807812360721 71.23399300517276
80 0.9950154835056518 -0.002187348792822629 -0.09969656250722204 -5.105400254575637 0.0025726816714136407 0.9999897092822894 0.0037366626717557313 -0.8237438487600942 0.09968733796925829 -0.003974524025110697 0.9950107526519157 71.94708550979784
81 0.9949612398320241 -0.0008857642671246992 -0.10025641204996154 -5.182463974069574 0.0011375019217341753 0.9999963424634846 0.0024538042159719213 -0.8280255140630118 0.1002538465207077 -0.0025554812888981906 0.9949584895084617 72.63315304302463
82 0.9948785408318375 0.0007497239175090635 -0.10107486549975084 -5.260499793464529 -0.00016740408308001876 0.9999833415308179 0.005769631280738961 -0.8394439535949284 0.10107748182138107 -0.00572316122666069 0.9948619744154616 73.31629321673053
83 0.994755907942344 3.750560262762555e-05 -0.10227748417893642 -5.332705058021216 0.0007835066104839834 0.9999677955124364 0.007987118830908801 -0.8545586805744777 0.10227446408460726 -0.008025367865199954 0.9947237241936014 73.97159687387631
84 0.9946401387130456 -0.0027774003711945995 -0.10335996371750483 -5.395504375218302 0.0033242624136868063 0.9999813725250764 0.005118973896847507 -0.8671600166726189 0.10334379481048345 -0.005435131783338624 0.9946307251412406 74.60084644633814
85 0.994604449564922 -0.009844459738532292 -0.10327186022981288 -5.451009318978055 0.009927469781864859 0.9999506794467826 0.00028985273574756124 -0.8850386817992745 0.10326388724954583 -0.0013135164864330378 0.9946530069586098 75.2185057161414
86 0.9946850126978128 -0.013754072384390201 -0.1020419158110918 -5.506561545141602 0.013378971844456898 0.9999009943152206 -0.004359432865358105 -0.8986912199907908 0.10209174722399358 0.0029710470581857914 0.9947704298275368 75.81295825862125
87 0.9950031229467934 -0.011981087433697354 -0.09912235043032969 -5.564292269739658 0.011568434633680033 0.9999218640877588 -0.004736773160144253 -0.9123795976494786 0.09917133203698793 0.003566414074002134 0.9950638611208337 76.39206988493581
88 0.9954349714046573 -0.007187775298132219 -0.09517118762673801 -5.628291872236271 0.007017480303385915 0.9999731216221674 -0.002123911655809174 -0.915107945637669 0.09518387171818447 0.0014463545024420987 0.9954585369788562 76.95848395527112
89 0.995871353081589 -0.008437789478615112 -0.09038281395908138 -5.678229345379345 0.008581417547470412 0.999962458165868 0.0012006387339339578 -0.9295013100610471 0.09036926723990574 -0.001971293764708416 0.9959062555683703 77.52113400560852
90 0.9962980574900802 -0.012051270195403996 -0.08511726408414086 -5.715520286700394 0.01258268457707904 0.9999045335852684 0.005709620056844985 -0.9439640645333325 0.08504030856764565 -0.006759486264540435 0.996354462895531 78.05855982114768
91 0.9969013199829247 -0.016675083904102963 -0.07687457797727304 -5.745517711477274 0.017464524185001648 0.9998013149638685 0.009608380089188349 -0.9612294131032514 0.07669906420856344 -0.010921183782072958 0.9969943540227424 78.59260506077905
92 0.997702261033544 -0.013596361069072327 -0.06637272035113527 -5.774928435101269 0.014283392075739624 0.9998490987419193 0.00988759063165471 -0.9712626118127139 0.06622825262907733 -0.010812898189329073 0.9977457895990172 79.10077369326659
93 0.998645064494357 -0.008157390376063636 -0.051395452902966196 -5.804371278002209 0.008671632152955803 0.9999144699116889 0.009790590769662044 -0.9769508561798599 0.05131117841290252 -0.010223006714496049 0.998630269037861 79.60350149239147
94 0.9994469549686522 -0.003015426811902198 -0.03311633435449911 -5.817877588889148 0.003363805916918456 0.9999395384219933 0.010469208441373591 -0.9776470556354955 0.0330827546140964 -0.0105748145191328 0.9993965509321951 80.10258376265801
95 0.999925032468469 -0.004231875124944177 -0.011490026462865191 -5.810189742327532 0.004363835139257628 0.9999245327984744 0.01148414847204871 -0.9843184300485824 0.011440556997250096 -0.011533427199031769 0.999867918900437 80.57129649273523
96 0.9998604712576689 -0.007793559321102439 0.014774926546012035 -5.780277672418262 0.007601505782333301 0.9998864668613293 0.013010400077999808 -0.9935908072091156 -0.014874642628840936 -0.01289627212321017 0.9998060775648838 81.04294121936016
97 0.9989933510665049 -0.00888040387601067 0.04397070777416977 -5.741198426078926 0.008235553119858274 0.9998561883855913 0.01482491898819113 -0.9996003499405276 -0.04409602434702294 -0.014447871429064084 0.998922700226578 81.48501642886691
98 0.99699214259229 -0.009297990248670385 0.076942937685831 -5.6850293316364695 0.00803646862502751 0.9998284322729916 0.016688954458979957 -1.0036088350554748 -0.07708489094699911 -0.01602040596136294 0.9968956951850144 81.927002133616
99 0.9933649219770472 -0.009687301171009863 0.11459620221884187 -5.611187330302165 0.007698014329025531 0.9998121298957889 0.01778891504880299 -1.0074908378269225 -0.11474697050905659 -0.016788720013834448 0.9932527531445857 82.36824522201039
100 0.9877304875819144 -0.009689842650758645 0.15586723152790602 -5.51688484454618 0.006846682148767302 0.9998004329552855 0.018767450975907974 -1.0089954001173795 -0.15601793967375366 -0.017470009139360143 0.9875995948957798 82.7857472685175
101 0.9795490211075313 -0.010098557819076244 0.20095208254597927 -5.40220988533023 0.006339944904884326 0.9997928859524402 0.019338829011784082 -1.0110672791531088 -0.20110570587331647 -0.017669304965072095 0.979410050589789 83.19697818224905
