0 1.0 9.043679867482002e-12 2.3268090579287026e-11 5.551115123125783e-17 9.043683336928954e-12 1.0 2.392369913284398e-10 3.3306690738754696e-16 2.3268099252904406e-11 2.392369913284398e-10 0.9999998807907104 -4.440892098500626e-16
1 0.9999909397814196 -0.0028084121383352804 -0.00319893411553852 -0.0021426926884994496 0.002804003898330731 0.9999951144951009 -0.001381502254960416 -0.013116857655593592 0.0032027975500523577 0.0013725203422070727 0.9999938099076632 0.6817097234781246
2 0.9999714808219925 -0.0018917219692926146 -0.007311562541839759 -0.011745831877053812 0.001872640889004633 0.9999948258461226 -0.002615624960344132 -0.02120691447482609 0.00731647094090328 0.0026018588200521203 0.9999697301179141 1.37878733039555
3 0.9999348605028185 -0.001439792456313138 -0.011322622570279448 -0.024439671822231987 0.0013992357275258663 0.9999925805774345 -0.003589000332035515 -0.027884836545907198 0.011327703158843926 0.003572923882115376 0.999929336958674 2.0963343006892354
4 0.9998700081420617 -0.0001777097432072014 -0.01612250902411049 -0.04039346940649514 0.00011061228657810316 0.9999913305526532 -0.004162520269899034 -0.03545544304817333 0.016123104938310866 0.004160196165667956 0.9998612402658248 2.8274212890724932
5 0.9997884887284901 -0.0010366819341126945 -0.02054028198382835 -0.057225558230986094 0.0009491543704062338 0.9999904307276288 -0.00427054454512688 -0.04841032996427294 0.0205445074716245 0.004250145715284488 0.9997797862412585 3.5685418052321816
6 0.9996832792607254 0.00010660418035046099 -0.025166047104637296 -0.08261603324104068 -0.0002286467567446334 0.9999882286945474 -0.004846667006143721 -0.06206437860911393 0.02516522787036078 0.00485088642063287 0.999671416854424 4.328121580737074
7 0.9995467178702405 0.00272188889938123 -0.02998249972477904 -0.11402632491902695 -0.002880324851001449 0.9999821104224486 -0.005242379636289839 -0.07424877345134602 0.02996768663905664 0.0053263630062973626 0.9995365571311188 5.102302860965561
8 0.9993987463438382 0.00404739922050891 -0.03443493269423475 -0.14727649552154318 -0.0042045117778120025 0.9999810743824742 -0.00449142913890787 -0.08245371408505628 0.03441609372203763 0.004633511069579498 0.9993967302566319 5.8901953154815825
9 0.999242326432372 0.003803936304897933 -0.03873375022409739 -0.18417797557087123 -0.0038944105114749176 0.9999898614877785 -0.0022606355976695 -0.09363180142993668 0.038724748451329005 0.0024097683232060215 0.9992468905124224 6.69217569551801
10 0.9991041790237272 0.002412327100654496 -0.04224950232301567 -0.21867402641620692 -0.0024206307604627475 0.9999970596964861 -0.00014539338348280368 -0.10733555074450167 0.0422490167087119 0.0002475340899564276 0.9991069615361813 7.503240612545345
11 0.9989840695692824 0.0029983492052316676 -0.044964864036010625 -0.265923272826884 -0.003004459676646351 0.9999954842628282 -6.832689393282221e-05 -0.11823756109868301 0.04496444477964453 0.0002033531118453313 0.9989884476774993 8.320828341951664
12 0.9988799031077453 0.002480680003618194 -0.047252362623434956 -0.30990642917998207 -0.0025042877609321276 0.9999967672746289 -0.000440427514975645 -0.12476242169886835 0.04725110539178791 0.0005582682075355982 0.9988827671877627 9.143869671868458
13 0.998787959452973 0.00038081360134983806 -0.04921856799790028 -0.3466696455483053 -0.0004093635583575997 0.9999997537671985 -0.0005699869258654262 -0.13908146458836715 0.04921832640265477 0.0005894448661263566 0.9987877502659047 9.977264822669158
14 0.9986823576662706 0.00024315739013720754 -0.05131753886299589 -0.3954431861854243 -0.0002451650878119827 0.9999999694079209 -3.2828622260217506e-05 -0.1483296451031828 0.051317516361128204 4.536715617226876e-05 0.9986822675926317 10.815007612564479
15 0.9986102985701467 -0.002206768129965511 -0.05265550508808979 -0.4453348016384301 0.002211928030308033 0.9999975528965258 3.972790404377097e-05 -0.16203061666796673 0.05265527527468752 -0.00015614235379534438 0.9986126169500188 11.667643841782699
16 0.9985251283851982 -0.0005860195194108955 -0.054288350906777985 -0.4977888438668423 0.0004990044699457846 0.9999985691699692 -0.001616369380332086 -0.16982825848104602 0.05428920675235773 0.00158689577881522 0.9985238729726315 12.520253928984314
17 0.9984533929498169 9.55436126639639e-05 -0.05559508503918153 -0.5547485992318697 -0.00030325018286032137 0.9999930063554509 -0.0037276360385722885 -0.182131241721649 0.05559432604588711 0.0037387304569220054 0.9984463199864487 13.391160435671098
18 0.9983643555881705 0.0035202065963241234 -0.05706331721418302 -0.6154517815976356 -0.0038185483234091113 0.999979601537054 -0.005120075803901099 -0.19371172792277294 0.057044115092436766 0.005329600546252891 0.9983573134705194 14.274958925114394
19 0.9982771508113926 0.004405852517255796 -0.058509137697280215 -0.673681486087795 -0.0047040338032368545 0.9999766370237104 -0.004959581404453246 -0.2086325471388508 0.05848590480752416 0.005226266092438076 0.9982744342741765 15.166719375374171
20 0.9982032629215305 0.003466944903907892 -0.059818281219810525 -0.7272277979037616 -0.003701236147656338 0.9999859060788776 -0.0038063731152816987 -0.2267382673052306 0.0598042265664022 0.004020936030919763 0.9982019072190245 16.065431438586934
21 0.998144294736162 0.003360471027594615 -0.0608002855211219 -0.7849506224045592 -0.003523730419658982 0.9999904681437523 -0.0025781642595156494 -0.24382388038912417 0.06079102679074537 0.0027876241915662024 0.9981465028791165 16.964784070441418
22 0.9980591730571846 0.0033070909352262193 -0.062184812053304464 -0.8451703541534314 -0.0034506328352589106 0.9999916241671924 -0.0022010713331048824 -0.26412457290084956 0.06217699636479397 0.0024113768334713902 0.9980621059611365 17.87307742688313
23 0.9979831098255452 0.002978779399711735 -0.0634100940065905 -0.905784363870202 -0.003177793104918703 0.9999903363273968 -0.0030379052284605153 -0.27629264713622753 0.0634004159775839 0.003233282681384169 0.9979828125209962 18.779678855798515
24 0.9978906914366833 0.0021922626226082904 -0.06487960079798548 -0.9685419322276144 -0.0024178882370930045 0.9999912992515352 -0.003399297639405031 -0.29748478948687135 0.06487156776595941 0.0035489994987555787 0.9978871906291463 19.70100774172273
25 0.9978487144305179 0.002028714116649067 -0.06552730813490239 -1.036085220480987 -0.002160042556544232 0.9999957980767881 -0.0019334000940074295 -0.31347261294404294 0.06552309393388982 0.0020707830314836795 0.9978487845993382 20.624777526581116
26 0.9978848851206659 0.0026176310408398402 -0.06495309637793191 -1.1048914729386294 -0.0025396218681010435 0.9999959514176106 0.001283536381905305 -0.3221067169346167 0.06495617683134046 -0.0011158646729356768 0.9978873738297269 21.550925888012003
27 0.9979046440140691 0.003163705653061445 -0.06462440011858166 -1.1716322893677398 -0.0028526048014328445 0.999983898351891 0.004905678721308678 -0.3364379866143225 0.06463886335675607 -0.004711050991332897 0.9978974818356946 22.490177161616362
28 0.9979956731952379 0.00230117653090853 -0.06324034717506734 -1.2325611561150935 -0.001827269788638881 0.9999698246919024 0.007550549455354272 -0.3457800359889885 0.06325579804667339 -0.007419857698898102 0.9979696441574021 23.43528163404844
29 0.9981247957088658 0.001670255115029552 -0.0611890761545137 -1.2945747570497155 -0.0011607524938573323 0.9999643701238637 0.008361288471503709 -0.3551487466355226 0.06120084602083509 -0.008274583133060317 0.9980910523051509 24.378744420689657
30 0.998174334122709 0.0022901457008152057 -0.06035523605851276 -1.3569775537995132 -0.001927781083451893 0.9999797713278024 0.0060614024822658406 -0.3657557295036272 0.06036788140116169 -0.00593398395016797 0.9981584381840151 25.32892374896831
31 0.998254986973946 0.0036061772893338836 -0.05894045329272075 -1.4189311077058908 -0.003538549827784952 0.9999929559198241 0.001251706512048122 -0.3753796263079492 0.0589445371067637 -0.0010409579658781274 0.9982605967243798 26.285607440839936
32 0.9983080475573526 0.0034811229002252838 -0.05804243720798382 -1.4759466412445557 -0.0035726462898301023 0.9999925329761786 -0.0014731524525171756 -0.3877591356164721 0.0580368609310185 0.0016780255152666094 0.998312910888078 27.24312698642833
33 0.9983545960514019 0.0015204863797619096 -0.05732180386225497 -1.5331544864597486 -0.0015420454690363613 0.9999987559728406 -0.00033188041402667167 -0.4033318007096136 0.05732121346384301 0.00041972767808152084 0.9983555796244397 28.21432908409101
34 0.9983684454276287 -0.0010390361389732183 -0.057090875835827344 -1.5903449092101298 0.0013090675985750963 0.9999881325591574 0.004692663667684304 -0.4158899967924073 0.057085308050899286 -0.004759742441884284 0.9983578384042641 29.192452653446775
35 0.9982918189651548 -0.00489440736276787 -0.05821932245341386 -1.6484750939807915 0.005383566315861002 0.9999514914861585 0.008248145387473142 -0.42553438909023306 0.05817611384020054 -0.00854748280136405 0.9982696235689561 30.17151066158031
36 0.9981641037054263 -0.012330703204435741 -0.05929904223145518 -1.7014942168667175 0.01282291956361369 0.9998863591928631 0.007927258770465845 -0.441544221075482 0.059194539806534566 -0.008673091150961775 0.9982086680416838 31.156705477442337
37 0.9980679801332443 -0.01365519116841046 -0.06061223797614398 -1.762290983660599 0.013942913996689437 0.9998934322884353 0.0043265697171934936 -0.45288384102013207 0.06054668323337221 -0.005163321207666237 0.9981518923739029 32.147289169602956
38 0.9979766896214045 -0.012884152329221861 -0.062261755703631155 -1.8300765228461167 0.012949365693236181 0.9999159460368539 0.0006440321772733112 -0.4638295929761333 0.062248208821851655 -0.0014489787681988087 0.998059528244735 33.12142705620067
39 0.9978569808281602 -0.013083561670545592 -0.06411136321925853 -1.9044924111548038 0.01311069985456893 0.9999140510706925 2.637474658037675e-06 -0.46981358840221005 0.06410580221290459 -0.0008431761088023866 0.9979426316700587 34.108667488850216
40 0.9977904784358842 -0.015135214873964927 -0.06469224915542739 -1.976148738068441 0.015275350953845787 0.9998819268002102 0.0016721517260292033 -0.48632898474666203 0.06465928602021208 -0.002656653259925847 0.9979037427723148 35.11406882068878
41 0.997727404966209 -0.012710937875027849 -0.06616991871548976 -2.054529601564745 0.012994411208490925 0.9999081362854706 0.0038554196233419715 -0.49119264570249804 0.06611481739372883 -0.004706496248824269 0.9978008021130168 36.111507958844044
42 0.9976698205597991 -0.011651252089344952 -0.06722483314018429 -2.130748085148764 0.012015389901064202 0.9999152366854301 0.0050149623961427865 -0.5055515959654601 0.0671606873761501 -0.005811008471627823 0.9977251300400014 37.12551513936855
43 0.997578969706151 -0.01145684412046348 -0.0685925700862499 -2.2035191503480345 0.011974714038529025 0.999902783158852 0.007143560390773228 -0.5122026796838101 0.06850404176006171 -0.007947641202055883 0.9976190616136368 38.12550475866575
44 0.9975726479291019 -0.011566055722205334 -0.06866614310421423 -2.2788921145322822 0.012323112904018938 0.9998677557052968 0.010611879660433756 -0.5291032394496081 0.06853430748082115 -0.01143230057184048 0.9975831353989487 39.13336879560058
45 0.997591208194044 -0.007299768145995489 -0.06898184880801815 -2.360383558096566 0.008165718606793245 0.9998912590849107 0.012279701020656349 -0.5207256750551937 0.0688846912742503 -0.012813407133688774 0.9975422180184425 40.14404196330056
46 0.9975666749930677 -0.007770298779434091 -0.06928457370160537 -2.437653989559126 0.008640041995045533 0.9998874852585571 0.012262402239698472 -0.5264658458639913 0.06918147814707931 -0.012831184445445636 0.9975214506989937 41.14600535037747
47 0.9975541746570525 -0.008788025538288462 -0.0693429159138107 -2.508043243781538 0.009571669593867712 0.999893940213543 0.010976860861226045 -0.5330528293215501 0.06923907898190569 -0.011613739892201892 0.9975323713062756 42.14160322675793
48 0.9975951051528458 -0.006264663642573948 -0.06902724759192995 -2.5874632645253013 0.006905684867127486 0.999935186060906 0.009051806833682736 -0.5389571164522204 0.06896604970784964 -0.00950671772168385 0.9975735898311392 43.146243069438775
49 0.9975162767901404 -0.006637282677754748 -0.07012292624795649 -2.658670921010885 0.007313909202349219 0.9999291006866395 0.00939682632118224 -0.5487644770478188 0.07005556748051056 -0.00988635901885922 0.9974939790148334 44.126175972909536
50 0.9974051328543336 -0.009031627627763356 -0.0714243057882826 -2.73125644345576 0.009808501241713475 0.9998964122672083 0.010533662555763115 -0.5592586431028247 0.0713217529579425 -0.011206893542233472 0.997390281618063 45.116477341240255
51 0.9973508719735412 -0.008730712798763189 -0.07221505135756029 -2.806628419434998 0.009572440567912247 0.999890129518624 0.011318006970939673 -0.5676338918408675 0.07210828455636163 -0.011979297428293638 0.9973247477571981 46.115059720313376
52 0.9973288979950587 -0.0072331482843501545 -0.07268253993839019 -2.8873379521987608 0.007888848234155933 0.9999307005972258 0.008738425957468857 -0.5853849757776328 0.07261427839573416 -0.009288465375686698 0.9973167258859542 47.088081670855836
53 0.9973264230749181 -0.005340902924244028 -0.07287991092678615 -2.969106392217677 0.005632297287525824 0.9999769435294265 0.0037933687243900008 -0.5906943644649505 0.07285795214779146 -0.004193707492970808 0.997333390784693 48.058872441549134
54 0.9972829553429733 -0.005299092624401824 -0.0734753525781802 -3.052062632758307 0.005549867233853023 0.9999794494305964 0.0032093143929316325 -0.6037174323334799 0.07345681760115658 -0.0036083723225652925 0.9972917508598286 49.02457763950176
55 0.9972452402562504 -0.0066412440384557795 -0.07387709733374083 -3.1276246275573985 0.007118308907217879 0.9999554677685937 0.006196141442080733 -0.609672377073782 0.07383263867313965 -0.006704951774560981 0.997247986115951 49.999586572081746
56 0.997223942854152 -0.010082267516231556 -0.07377504002957046 -3.202172361222191 0.010840583967598603 0.9998923726303147 0.009885590537527043 -0.6278613895234317 0.07366741202293703 -0.01065791115823825 0.9972257929177694 50.98560980727722
57 0.9971787672187938 -0.010934118702287512 -0.07426272362600904 -3.2768602188167972 0.011722816573130282 0.9998793336610231 0.010192825508739107 -0.6325438228448839 0.0741422943051751 -0.011034636517624798 0.9971865009649362 51.9412766331696
58 0.9971236656136286 -0.014409691040120907 -0.07440938891039371 -3.3485941472435594 0.015157217939102192 0.9998400747540596 0.009491240630246582 -0.6438021977068759 0.07426070434828545 -0.010591779047269672 0.9971824921841136 52.904406715843585
59 0.9970614293112486 -0.017383717342925153 -0.07460773050861716 -3.417985598089814 0.018082092369493794 0.9997986938396052 0.008695384093076573 -0.657406676423834 0.07444153458954844 -0.010018895064893 0.9971749296779325 53.87419646362474
60 0.9969422526988044 -0.01802503661430061 -0.07603449068899913 -3.4914657018326625 0.01881301897818212 0.99977635245585 0.009659987332670119 -0.6641167952872072 0.07584334495616389 -0.011060886907364608 0.9970582753702956 54.82630564124178
61 0.9968208312149517 -0.021673341240005486 -0.07667136173480778 -3.5632736660076856 0.02278326787934816 0.9996474913534651 0.013631422347466135 -0.6690978129285281 0.07634887663448954 -0.015334908829610756 0.9969631137984296 55.7857909391998
62 0.9966710823967746 -0.024367724263502828 -0.07780082615701828 -3.6367787990524 0.025915289314778794 0.9994846283984024 0.018944003892654805 -0.6797825861391941 0.07729908799591181 -0.020897170478556583 0.9967888040660902 56.744873748412076
63 0.9966463704126876 -0.023223282738160673 -0.07846459398740419 -3.7195128008812457 0.02493707167784523 0.9994698414833338 0.02093270972066258 -0.6725844502069801 0.0779368493542329 -0.02281918499232684 0.9966969915415996 57.695389181081
64 0.9966022888913006 -0.02284622003109702 -0.07913235145301678 -3.8010892826520366 0.0243222066949319 0.9995467813552014 0.017738716643765782 -0.6759198156900518 0.07869120466041986 -0.019603117758570057 0.9967061616649411 58.635204587316885
65 0.9965074364196291 -0.021293811852572685 -0.08074344432569375 -3.882460274819147 0.022205522431275087 0.9996992246518869 0.01041032892856627 -0.6801907935085454 0.08049746274080329 -0.012166919573200688 0.9966804328032972 59.55843068072843
66 0.996474710631259 -0.019864872373760445 -0.08150790752926636 -3.965792226274665 0.020393747307905018 0.9997759976437298 0.005661233181257123 -0.6953796229607806 0.0813771693119773 -0.0073035265618229634 0.9966564981823796 60.481603760506715
67 0.9964964513718719 -0.01527018183047552 -0.0822292223698956 -4.052056130094816 0.015819482265775692 0.999856664676166 0.00603274949193677 -0.6978297806466146 0.08212529406960872 -0.007312436376967061 0.9965950656536802 61.39546182442908
68 0.9964308767108072 -0.013096631349231008 -0.08339057059335686 -4.1316649888013055 0.013838547987518029 0.9998695850123526 0.008325115658413228 -0.7130770925777143 0.08327064318510036 -0.009449405815754208 0.996482046612747 62.29647987830231
69 0.9963432764265604 -0.011606188021493052 -0.0846485264090896 -4.2153054006573765 0.012474380619065499 0.9998748043143443 0.009734758622606816 -0.7265097674223897 0.0845249239644738 -0.010755098296169234 0.9963631996249668 63.183901947014135
70 0.9962946155128275 -0.010451727430545276 -0.08536862193926063 -4.295632272690526 0.011313362061252443 0.9998897681545419 0.009615580196409158 -0.7384882990223106 0.0852586906147873 -0.010545755967283688 0.9963029173727308 64.05711804050814
71 0.9961467149928329 -0.009074281765608514 -0.08723176474097549 -4.374635542780511 0.010007391322579657 0.9998972299174168 0.0102655603891302 -0.7491335774582115 0.08712962530379526 -0.011098965705296634 0.9961350318947718 64.9084963147473
72 0.9960434491301763 -0.008390892021793214 -0.0884705689254217 -4.456686684275285 0.00937932301472734 0.9998980915740594 0.010762656534958514 -0.7610594062616653 0.08837122239157781 -0.011549866602302335 0.9960205259012002 65.7556723746427
73 0.9958823522200019 -0.008759799351357083 -0.09023085773639372 -4.537522912910649 0.00980440855469982 0.9998898768389057 0.011140366976599805 -0.7726434547901243 0.09012331105680631 -0.011979154067773333 0.9958584482792832 66.57926702973153
74 0.9957621922552542 -0.008724399269345094 -0.09155076516518283 -4.6156000302538835 0.009869297337747298 0.9998785649397627 0.012060362861856041 -0.7816720098451616 0.09143440514577676 -0.012912794054704595 0.9957272566363328 67.38934341202136
75 0.9956795644797809 -0.006707898150415506 -0.09261322947657832 -4.699624347658584 0.008091575398985092 0.9998610675217167 0.01457299123098396 -0.7877974042409253 0.09250258495271631 -0.015259415370164335 0.9955953908567421 68.19890369009536
76 0.9955505706800407 -0.005699800248720813 -0.09405623226223937 -4.782443519303153 0.007455114641392666 0.9998043510950952 0.018321594003132696 -0.7900445953903934 0.09393337707464591 -0.018941272099191313 0.9953981661237933 68.98375841859091
77 0.9953910475049945 -0.004166456279011972 -0.09580868732581085 -4.864135572637804 0.00612685981923523 0.9997776586549847 0.02017659169190276 -0.7959898658050857 0.0957032959945035 -0.020670603808057884 0.9951951393913192 69.76031037306635
78 0.9952764660934075 -0.001478208169104974 -0.09706993538111114 -4.9487614945945 0.0031283551561693984 0.999853141716712 0.016849581795835396 -0.80467587647134 0.09703074812433743 -0.01707366026090408 0.9951348070477737 70.50935098279497
79 0.995125463737427 -0.0010580570667823135 -0.09861132487471105 -5.030297846659595 0.001999904470311955 0.9999533218263323 0.00945275434130817 -0.8099861620402324 0.0985966953919537 -0.00960388885753614 0.9950810103137485 71.23394006914764
80 0.9950157983244342 -0.0021710006957833972 -0.0996937777756502 -5.105227434455109 0.002556958417778204 0.9999897228138944 0.0037438268677158653 -0.8237780984972087 0.09968460014990638 -0.003980079014644169 0.9950110047379426 71.94704294819279
81 0.9949614955832284 -0.0008674398589888597 -0.10025403412519104 -5.182289349817934 0.001119812124616238 0.9999963445403539 0.002461083667081725 -0.8280544299391857 0.10025150746346968 -0.0025609485113891515 0.9949587111362219 72.63305799461925
82 0.9948789019346701 0.0007656185593362029 -0.1010711919531921 -5.2603218337960325 -0.00018294367457260158 0.9999833127973559 0.00577413775291076 -0.8394685676282497 0.10107390058926662 -0.005726076713989461 0.9948623214841533 73.31620408504618
83 0.9947562774329165 5.3672515666936096e-05 -0.10227388322453375 -5.332512482392449 0.0007676893991008705 0.9999677717541846 0.007991627979338138 -0.8545798674371615 0.1022709901862812 -0.008028235810951608 0.9947240582206346 73.97149785476833
84 0.9946405653382342 -0.002761270472168652 -0.10335629037714787 -5.395305314824906 0.0033084982883111137 0.9999814015123232 0.005123522226457012 -0.867178314744647 0.10334019454484716 -0.005438016387570436 0.9946310834413046 74.6007604701166
85 0.9946049876785205 -0.009828316971998954 -0.10326821518534338 -5.450772126621546 0.009911707248589986 0.9999508344845904 0.000294397673406498 -0.8850478024447047 0.1032602184062017 -0.0013163731052068307 0.9946533840710045 75.21841893749972
86 0.9946855448323721 -0.013738575264631953 -0.10203881627236538 -5.506337208363224 0.013363884369806976 0.9999012165250679 -0.004354740106381892 -0.8987003645705481 0.10208853863651113 0.002967962535292403 0.9947707683223629 75.81289351168057
87 0.9950035088329305 -0.0119658282272512 -0.09912032006443447 -5.56407898201668 0.011553602403874833 0.9999220590973827 -0.004731805425029155 -0.9123858428859044 0.09916918943723628 0.003562966651647245 0.9950640870070071 76.39200426899244
88 0.9954354417907444 -0.007170871364832438 -0.09516754275497208 -5.6280286219061155 0.007000990320668353 0.9999732479835145 -0.0021188320294968934 -0.9151101434762728 0.09518016664302162 0.001442893950529844 0.9954588962662599 76.958381800829
89 0.9958718359515383 -0.008420587324772428 -0.09037909773000348 -5.6779647927397825 0.008564284215061746 0.9999626031081728 0.0012022573183839507 -0.9295051996985633 0.09036557127518208 -0.001971325861478488 0.9959065908725319 77.52103472301411
90 0.9962985897411627 -0.01203452451402486 -0.08511340327079502 -5.715254062522972 0.012565999753183546 0.9999047335191161 0.005711351246321074 -0.9439661201609876 0.08503653991832709 -0.00675974540356372 0.9963547827900316 78.0584621164208
91 0.9969018922774647 -0.016658436648604183 -0.07687076562613059 -5.745249044869417 0.017447911001722206 0.9998015894858615 0.009609996864686816 -0.9612310773077025 0.07669540673873478 -0.010921457398412346 0.9969946323889871 78.59250867132714
92 0.9977027402571786 -0.013579856898225393 -0.06636889544337236 -5.774664940971052 0.01426691240192723 0.9998493188971534 0.009889120496714827 -0.9712645411482845 0.06622458532203106 -0.010813280907828555 0.9977460288726406 79.10067686109528
93 0.9986454241549066 -0.008141858264814374 -0.05139092715792553 -5.804115192648447 0.008656061324039833 0.9999145996030286 0.009791124229841587 -0.9769553912379688 0.05130680744621052 -0.010222703528423875 0.9986304967190573 79.6034395430096
94 0.9994471788499103 -0.003000449880961809 -0.03311093755039975 -5.817666953471995 0.003348755836411225 0.999939591670817 0.010468947356934362 -0.9776426601723713 0.033077517480732094 -0.010574039446829752 0.9993967324827923 80.10252646887398
95 0.9999251633135406 -0.00421520834945937 -0.011484764829743692 -5.809981390597987 0.004347097596506038 0.9999246158333469 0.011483266456614 -0.9843182968943461 0.011435491837740603 -0.011532331564638103 0.9998679894810064 80.5712391784149
96 0.9998605305196507 -0.0077765578318893655 0.014779873550716154 -5.780051897211222 0.0075844592023591876 0.9998866130621659 0.013009112593834972 -0.9935895985444804 -0.014879360023150016 -0.012895199931274038 0.9998060211999691 81.04286495613184
97 0.9989932867333429 -0.008862499176016597 0.043975781520437345 -5.740974251616691 0.00821764572766041 0.9998563646782334 0.014822966042893428 -0.9996014226696572 -0.04410082237130536 -0.014446665202583114 0.9989225058585133 81.48494136775642
98 0.9969919163547395 -0.009280123679874656 0.0769480259721223 -5.684804349311277 0.00801866505689149 0.999828617484902 0.016686422004889984 -1.0036106081660254 -0.07708967093493493 -0.016019206407043355 0.9968953448376767 81.92692737821801
99 0.9933645091354932 -0.009669442450479883 0.11460128906008239 -5.610958815668985 0.007680329335701409 0.9998123238323059 0.01778565895156858 -1.0074935817358028 -0.11475172944688436 -0.01678746574289222 0.9932522245496094 82.36816495603401
100 0.9877298948487332 -0.009671702934341697 0.1558721142417588 -5.516658189358169 0.006828880784778411 0.9998006316228607 0.01876335268365764 -1.009001164516577 -0.15602247230505123 -0.017468691315386267 0.9875989021445102 82.78566851675573
101 0.9795481969841029 -0.010080432006885525 0.20095700977641773 -5.401979578435733 0.006322364604598119 0.9997930924889972 0.019333906153794385 -1.0110755623471839 -0.20111027343054086 -0.017667968497069118 0.979409136816011 83.1968910947887
102 0.968220657776995 -0.008606864253216594 0.24994937033415576 -5.263492151168834 0.004172676929937845 0.9998244771412776 0.018264821071413948 -1.0131392563784816 -0.2500626379855474 -0.01664141826174478 0.9680865115588375 83.6111453268844
103 0.9530785050075298 -0.008291994566016786 0.30260967918005915 -5.108153683778688 0.003374123284612932 0.9998536687672512 0.01677069939893008 -1.018886808724431 -0.30270438379216996 -0.014962750031745664 0.9529669049329917 83.98665387417778
104 0.9336500423501984 -0.008349456859241402 0.35808923698505646 -4.919820509288746 0.00303409703321169 0.9998767636034047 0.015402982683644803 -1.0203450475807465 -0.3581736231602438 -0.01329451735967952 0.9335602050176274 84.36744451733692
105 0.9098435371545319 -0.008290155297079414 0.4148686945193072 -4.720917405863793 0.00235492883724642 0.9998874671025046 0.014815784008213529 -1.02029694900443 -0.41494472817917455 -0.012503058595315829 0.9097605647533537 84.70111922499444
106 0.8813112071157853 -0.008186678313844257 0.47246541012807486 -4.4964120980024544 0.0019432331764122313 0.9999042471331893 0.013701110325784496 -1.0134969579156454 -0.47253221709522564 -0.011156831270048063 0.881242623363725 85.02507069433153
107 0.8483692862210084 -0.009927441382494448 0.5293118522621284 -4.236585400457488 0.00384157956499855 0.999913280885265 0.01259654679686556 -1.0211373713913818 -0.5293908681896291 -0.008653129647612206 0.8483337531596518 85.34579587013835
108 0.8120699443210354 -0.010488290209977612 0.583465891186867 -3.983938027716312 0.003942374905072327 0.9999142590068151 0.012487286753768981 -1.0226357356183424 -0.5835466867182272 -0.007840308914304936 0.8120415695410121 85.61230925283992
109 0.7724440817114684 -0.012183159863615897 0.6349659553962748 -3.6934853773040004 0.004202097531916101 0.9998921388632639 0.014073131526774134 -1.0291803503808792 -0.6350687616010774 -0.008202518300765278 0.7724118687789496 85.88862765100153
110 0.730200041200353 -0.012816617299101893 0.683113237987936 -3.415380718759002 0.0024728188683894184 0.9998670661357367 0.016116303471474382 -1.0272397136188192 -0.6832288125489928 -0.010078910185617405 0.7301345801137005 86.12559592087969
111 0.6853903147794287 -0.013966266802721063 0.7280419837220576 -3.108870527737391 0.002167562178732626 0.9998507518895158 0.017139884270379043 -1.0266527710553348 -0.7281725205980487 -0.010169434519728668 0.6853182137900837 86.35262672302859
112 0.6387349987453232 -0.015228983722812138 0.7692761259708372 -2.7736628760110267 0.00441946065442191 0.9998602289301282 0.01612423596503042 -1.0287587002452752 -0.7694139642765869 -0.006899328586670767 0.6387129510604985 86.56701808909395
113 0.5923028128457029 -0.018236125373918582 0.8055090985625958 -2.4569750681971683 0.008949855156610871 0.9998310628411049 0.0160544660379528 -1.0373433952113211 -0.805665585345133 -0.002299916204926178 0.5923658922554497 86.7347355451573
114 0.5452043959815767 -0.016773641390357228 0.8381353739167178 -2.11748474392139 0.006937001396871084 0.9998558398673931 0.015497661354700919 -1.0376087091443287 -0.8382742881130002 -0.002635247471680358 0.545242094371316 86.91257537230283
115 0.49844843779849834 -0.01419411450811558 0.8668031968121979 -1.7925041744572696 0.0027323951816972283 0.9998867088361119 0.014802145924878485 -1.0355633469354184 -0.8669148794612842 -0.00500965824811089 0.49843069390387634 87.06063023580539
116 0.4529446704624117 -0.01256383299737295 0.8914501564770362 -1.447029832052659 0.001073371433846281 0.9999076587867276 0.013547021326158438 -1.0372418258133185 -0.8915378156051557 -0.005179194651165678 0.4529162781066375 87.19676544169992
117 0.4101030139974403 -0.01438373914206077 0.9119258395528849 -1.0821951572806625 0.007117440580163354 0.9998956569922044 0.012570488503993615 -1.0332305535741497 -0.912011266113498 0.0013353817746635866 0.41016255060618617 87.31317078548388
118 0.3706360046040497 -0.022629723746863076 0.9285025378329722 -0.7276064977544836 0.02059146909976871 0.9996576176823603 0.016144310611424066 -1.0436976656772152 -0.9285497410995148 0.013135567054593221 0.3709750419374085 87.39062620232507
119 0.33500586021843015 -0.026661458922663497 0.9418388178015381 -0.3672377478232098 0.025500390915703833 0.9994899708167978 0.01922311659870457 -1.0392690101084603 -0.9418707303071345 0.017577399624952632 0.3355148366201051 87.47736182837403
120 0.3013549807075145 -0.023098466057918283 0.9532322685835718 0.0032432023012264888 0.021957137121484317 0.9996095539473067 0.0172807329364107 -1.042965756275624 -0.9532589998024296 0.01572261502158165 0.3017444596168027 87.57419562699282
121 0.27064612544856376 -0.015086347193693355 0.9625607516931504 0.3608040663163294 0.010951187072623278 0.9998607496549958 0.012591775345685997 -1.042341740718545 -0.9626164348767715 0.007133266271605957 0.2707736205791129 87.66923436997556
122 0.2421235823138482 -0.010206383910519208 0.9701917987747362 0.7456758132237241 0.005364738761307708 0.9999434671183558 0.009180531567019182 -1.0481762689120546 -0.9702304053458878 0.002982001103186376 0.24216462166041988 87.75382078484597
123 0.21604980408101546 -0.008681388948582157 0.9763438139702091 1.1444152515430326 0.0065792492551952865 0.9999507128826737 0.007435408336539772 -1.0559220876132507 -0.9763599951973647 0.004817189442907481 0.21609624845804518 87.81842049176842
124 0.1927899967550314 -0.007584225118825045 0.9812107956123918 1.5457217368913518 0.013606451978347844 0.9998946490484507 0.005055221150319844 -1.0579809545790015 -0.9811455155701827 0.012376199839636167 0.1928728591525782 87.87064937370262
125 0.17195997039037003 -0.002265755165918322 0.9851013982023229 1.9515485747180235 0.01999552838995518 0.9997993601786187 -0.0011908726487026146 -1.0595932685435079 -0.9849007999678936 0.019902403437067603 0.1719707544652309 87.91759785757654
126 0.15203991531581965 0.00456487735882843 0.9883638787211 2.3745641839698344 0.020128080187052165 0.9997676514444622 -0.007713847398015157 -1.0484998116778106 -0.9881691963010071 0.021066678086426708 0.15191269036534835 87.9662167285287
127 0.13449848618724947 0.005494449451171264 0.9908986323822294 2.81381974449626 0.017752886978582603 0.9998107702190628 -0.007953533853225008 -1.050361155230703 -0.990754574219951 0.018661047738392843 0.1343754783423161 88.02172516034288
128 0.11898499510805378 0.0012901270998760797 0.9928952807164445 3.269155290128814 0.017364829678529523 0.9998435065615491 -0.0033800939655717656 -1.0567046861752076 -0.9927440084475855 0.017643635967044043 0.11894395935343058 88.07274861271607
129 0.10408204270745003 -0.0023863929259141242 0.994565918345032 3.74557439695315 0.017811324275988118 0.9998412225841419 0.0005350824344898388 -1.0670481525820759 -0.9944090288116684 0.01765884165772014 0.10410801087097275 88.11259303697845
130 0.09108052313465063 -0.004691823346752373 0.9958325450972496 4.230988524394913 0.01953270334058265 0.9998049426863764 0.002924044713914528 -1.0710566304699771 -0.9956517676189961 0.019184976130244464 0.09115439197561208 88.14846932698258
131 0.07890461896862459 -0.0056947464875615125 0.9968659709503522 4.735617782997055 0.023194184350264248 0.9997234680965525 0.0038751878351617293 -1.0733093837618 -0.996612121515817 0.022815720706011653 0.07901487654545107 88.17434850722171
132 0.06894739945335152 -0.005366638876838367 0.9976059285008889 5.246683925734233 0.025736764657386522 0.9996622761448934 0.003598959084815561 -1.074675366032337 -0.9972880749204172 0.025427007848139123 0.06906222760534794 88.19790219599106
133 0.061022943185827794 -0.004840383454402528 0.9981246938777243 5.7822710676604405 0.02775384145985842 0.9996098222534874 0.0031507819584149274 -1.0737380492425812 -0.9977502461351238 0.02750952215214546 0.061133466986403026 88.22186223567631
134 0.05493622784433621 -0.004422272808543222 0.9984801389680997 6.335196291428458 0.029394405740925993 0.9995639418386482 0.002809796732046926 -1.0726066127015237 -0.9980569164725285 0.029195368256230824 0.0550422576236068 88.24424171706184
135 0.0495715199447443 -0.003523990113210522 0.9987644264436232 6.8962858286147695 0.030266267974529498 0.9995398212090191 0.0020245246361720753 -1.074386487718961 -0.9983116978078005 0.030128510531743723 0.049655361944210774 88.2712533014869
136 0.04362369774064419 -0.0026686289210196635 0.9990445361070468 7.488618383175002 0.03004097157382614 0.9995477452943915 0.001358221225159833 -1.0732763565867345 -0.9985960851968123 0.029953015400049448 0.0436841333685495 88.29653527039153
137 0.03886524080013005 -0.0024944261143874788 0.9992414146073754 8.099272887940263 0.0324195852250861 0.9994735851626152 0.0012340539119348843 -1.0770028397988571 -0.9987182244191642 0.03234702782682822 0.03892564683559306 88.31865356847945
138 0.036131333397391184 -0.0024941937601156003 0.9993440046084512 8.715209494577092 0.03364823394345548 0.999432920830318 0.0012778618216281186 -1.08289226178935 -0.998780231721292 0.03357998738471233 0.036194766627743374 88.33815067588691
139 0.033024783578710304 -0.0027102943177686146 0.9994509251634571 9.355358930023764 0.03454045514577864 0.9994020689862574 0.001568843848718114 -1.0895150326298093 -0.9988573215136701 0.03446967646507313 0.03309864954742287 88.36090088571372
140 0.030281524774840467 -0.002938349698532753 0.999537157499118 10.01460935793507 0.03661933831830129 0.9993276144725654 0.001828330548014562 -1.0923918844792393 -0.9988702024773989 0.036547021957531844 0.03036876237669557 88.38074411881465
141 0.029746675295720015 -0.0032611865505222624 0.999552216664466 10.687975141428531 0.04052715178144812 0.9991763264311477 0.0020538717438823907 -1.1014305983755317 -0.9987353570371343 0.04044790565818409 0.029854338451966604 88.39696369045554
142 0.03035146522151016 -0.0035337838121373686 0.9995331084022976 11.384341786444335 0.04433476927089277 0.999014339550077 0.0021856956144740355 -1.1085661757645622 -0.9985553790241796 0.04424772764966116 0.0304782165058982 88.41689388081132
143 0.03295647706021404 -0.003659985339506513 0.9994501533153947 12.090250039244191 0.04650296678054993 0.9989158922184752 0.0021246113765612295 -1.1150634063790055 -0.998374164817833 0.04640737446879678 0.033090946587425056 88.43762639772541
144 0.036701959338468586 -0.0036379085884103756 0.9993197013949165 12.814504636799805 0.04830478948498006 0.9988309064601191 0.0018620414320100946 -1.1193003585959709 -0.9981579243225697 0.04820358406844097 0.03683477700254887 88.46495658834954
145 0.040564767268746735 -0.003953164837664646 0.9991691577965357 13.563668751649217 0.04920650013679669 0.9987867149827978 0.001953941233888291 -1.124161279764813 -0.9979643523263501 0.04908635293245921 0.04071006886821053 88.49914594003594
146 0.04485257917957449 -0.005352632797611382 0.9989793437068797 14.320901394065556 0.05071383972754432 0.9987084936208593 0.003074210410273286 -1.129825131536715 -0.9977053579430948 0.050524188815791404 0.045066100648161043 88.52795418710352
147 0.048875370705813555 -0.006842324978511919 0.9987815148263007 15.103601816391496 0.050343963165501764 0.998722341337112 0.004378337127696881 -1.134836473783381 -0.997535118332014 0.05006862371633173 0.04915739023147711 88.5698142335168
148 0.05257705802713775 -0.008509265865947186 0.9985806822373146 15.903556407062297 0.04799221036826569 0.9988297817732641 0.00598451195144645 -1.1386342703804417 -0.9974627960995194 0.04760944300743836 0.05292390523032571 88.61859984220077
149 0.056915144504812776 -0.009409513995257145 0.9983347438986493 16.70674855839141 0.046253639606449376 0.9989067321000349 0.006777980372214175 -1.141917213622912 -0.9973068214851002 0.04579084265812112 0.05728814010800325 88.67051806308986
150 0.06057048899726666 -0.008719505366671172 0.9981259036457557 17.52018018179116 0.04416497041420753 0.9990059498967858 0.006047075750516294 -1.1465344596643892 -0.9971861914430004 0.04371592369026054 0.060895369995499334 88.72647525248759
151 0.06426406838574136 -0.0051201797863626485 0.9979198598330009 18.330134170342028 0.041554552051518 0.9991332316452759 0.002450373683968493 -1.15963493997146 -0.9970671883077189 0.041310638894393244 0.06442112708377934 88.78653461061015
152 0.06584754761950852 0.00032077294674421605 0.9978297103874935 19.14733434589623 0.036708074211717776 0.9993222650666899 -0.0027436468745334437 -1.1646416156507342 -0.9971540738782158 0.03680906676943297 0.06579113929536966 88.85494632565991
153 0.06541792045126986 0.0032075530535569997 0.9978528652347094 19.975702993727644 0.03342408107087364 0.999426650139566 -0.005403850559764925 -1.1825919788343955 -0.9972978269909416 0.03370582113978186 0.06527319745886313 88.91918628125117
154 0.06588014755080798 0.003018624554832561 0.997823044144106 20.80115799483625 0.03124275422204628 0.9994988834639792 -0.005086462013801936 -1.195107139151286 -0.9973381200463091 0.0315098344848913 0.0657528175913718 88.98112940866976
155 0.06566157838560815 0.0016983662854507494 0.997840571452838 21.62989099736219 0.02975926002530249 0.999550395940815 -0.003659545177672922 -1.2147526254406076 -0.9973979009257092 0.029935286091304098 0.0655815083846759 89.04365140135825
156 0.06486300845762408 0.0005091738714874753 0.9978941147485391 22.45658562457103 0.029841950908484238 0.999551627771018 -0.002449743233432027 -1.2369662412833147 -0.9974476814688323 0.0299380024474684 0.06481872486981562 89.10345222892406
157 0.06540593418901201 2.7402829695527292e-05 0.9978588058360578 23.281620837325768 0.028153038308149102 0.9996018702526226 -0.001872777765478804 -1.2550310923517691 -0.9974613272619511 0.02821524557779959 0.06537911652476962 89.16401247449139
158 0.06526378170330678 7.359775159940288e-05 0.9978681108977174 24.10192775228876 0.02666338421816817 0.9996428162915838 -0.001817599747457023 -1.2744555200305276 -0.9975115698052308 0.026725161940270737 0.06523850205063945 89.22342482753038
159 0.06480905378297677 0.00046891343637075464 0.9978976400627741 24.918946690078474 0.024682003261384044 0.9996932041147165 -0.002072744530714329 -1.2920167186417648 -0.9975922084595779 0.02476444315857182 0.06477759083424034 89.28473993137528
160 0.06378984442061734 0.0013518895521381045 0.9979625050769612 25.73628518575462 0.021672937290533028 0.9997613605113133 -0.002739662203800541 -1.3092239216216994 -0.9977278028514771 0.02180353926702448 0.06374531627316282 89.34689861795736
161 0.060804490404178506 0.0010719737586533985 0.9981491863789189 26.557866139593088 0.019061928844699125 0.9998158069150405 -0.002234963592589838 -1.327043640580117 -0.9979674772795691 0.019162542535177917 0.06077285114770973 89.40724663707026
162 0.05706905763828322 -5.297097620858638e-05 0.9983702987202453 27.372732639517917 0.016882561667060335 0.999857063456479 -0.000911994739911411 -1.3442866759453145 -0.9982272940028468 0.016907092840205216 0.05706178950779991 89.46060823203591
