0 1.0 1.1976249852940768e-11 1.7046379585661242e-10 5.551115123125783e-17 1.1976249852940768e-11 1.0 3.562503070320133e-10 0.0 1.7046379585661242e-10 3.562503070320133e-10 1.0 2.220446049250313e-16
1 0.9999444627350353 -0.0022840253806550815 0.010288570863118244 0.021358145872348615 0.002273594673559136 0.9999968896526551 0.0010254013305289863 -0.00915227516734832 -0.010290880739242846 -0.0010019516289891113 0.9999465454983715 0.2900033301663337
2 0.9998510985799041 -0.004040648673576228 0.016776586449439163 0.039649341218473425 0.0040204924577548025 0.9999911551570349 0.0012350062838199386 -0.014610634796600137 -0.016781428234988325 -0.001167371531577976 0.9998585004347539 0.572541556201518
3 0.999808881182916 -0.006022486005216928 0.018599215066174086 0.05379363358218607 0.006015177748009954 0.9999818079112605 0.0004488566120830426 -0.018920154543124804 -0.018601579916246946 -0.00033689251374783587 0.9998269188754555 0.8642380236630505
4 0.9998378052748673 -0.006937074081727862 0.01662047464248231 0.06344720877613746 0.006946322157140608 0.9999757496250943 -0.0004987563095274465 -0.021880552780676684 -0.01661661162198735 0.0006141273211758929 0.9998617459665006 1.1617433757343578
5 0.9999080952188555 -0.009497045041335856 0.009675085534844032 0.06424116956219653 0.009516354367285733 0.9999528138334133 -0.0019516889279621989 -0.02331675002173901 -0.009656093547367656 0.002043581844515631 0.9999512906228726 1.4750466587603697
6 0.9999452295521302 -0.01015375499013382 -0.0025375519324446916 0.05948524845260938 0.010146421978456914 0.9999443584429619 -0.002886195017645017 -0.03211629590126119 0.00256671684720212 0.0028602906067893763 0.9999926153254579 1.7895830852974068
7 0.999784340326777 -0.009993349408468305 -0.018204554136090102 0.03445082632187205 0.009935662567901491 0.9999453373572165 -0.003256514986715036 -0.03911686504345517 0.018236103181087884 0.0030749391081337676 0.9998289800365607 2.118989308327665
8 0.999288476893546 -0.006513456080371436 -0.03714989600640453 -0.0030739071966352366 0.006379532907176603 0.9999727224729331 -0.0037223459142731686 -0.046352326042694694 0.03717312897207802 0.0034826991075929364 0.9993027716185839 2.46597957562894
9 0.9983883201734252 -0.002961183848182802 -0.05667445104978443 -0.04579547443736961 0.0026963453687943706 0.9999850888294859 -0.004748877360234353 -0.05228997517105421 0.05668766958619184 0.0045884105002266 0.9983814174652071 2.816101867991146
10 0.9970821306595549 -0.002279490207366235 -0.07630221779396967 -0.09029832668470125 0.0019122407827087524 0.999986236025972 -0.0048858050601874314 -0.0570380673051171 0.07631230637547376 0.004725641393168027 0.9970727658577948 3.170982952147561
11 0.99523002723104 -0.0030267691942816983 -0.09750913429251945 -0.14012311889004192 0.002622675734106405 0.9999874354259207 -0.004272067204984989 -0.06317463982865604 0.09752084171950037 0.003995955380969206 0.9952254609235377 3.547414023579989
12 0.9931182834401506 -0.003992354051550096 -0.11704757926873054 -0.19674574209737566 0.003614457762884333 0.9999875487142301 -0.0034406548217827213 -0.07261555170878894 0.11705986055373958 0.00299391431286879 0.9931203481570385 3.930627710113895
13 0.9909247136448449 -0.0035834756252408747 -0.13437027237109106 -0.2721053057213306 0.0032128412799425927 0.9999904133325506 -0.0029750442981679327 -0.08014247970279233 0.13437964787160694 0.002516335174907596 0.9909267272577554 4.327836263701168
14 0.9886193703455864 -0.0029434162338734184 -0.15040969477749339 -0.35528599188805 0.002594027008150268 0.9999934626456659 -0.0025190644158354495 -0.08831787344225285 0.15041612909278745 0.0021002296609906293 0.9886205428493313 4.740531031282765
15 0.98650307075334 -0.0023993872046849133 -0.1637251771981499 -0.43905061783178684 0.0020189793865204525 0.9999948622542754 -0.0024898160672792145 -0.0954313125116587 0.16373031322362064 0.0021256540209946815 0.9865028468365552 5.152498560921596
16 0.984307887486613 -0.0033774651588525596 -0.1764272501170203 -0.5253040715069668 0.0028960386692033937 0.9999913478253751 -0.002986173079641763 -0.10307178625199483 0.17643581272384887 0.0024283741514895224 0.9843091525375045 5.581115462306723
17 0.9824883906715605 -0.006250908631505925 -0.18621892355592054 -0.6115808316288404 0.005465020981551655 0.999973864472817 -0.0047332766513256625 -0.11515751237446743 0.18624364746692038 0.0036326996130155915 0.9824968743601261 6.0272059464598495
18 0.9809693062769224 -0.005576460384233631 -0.19408277183257824 -0.707855323816196 0.004446399679118379 0.9999705348328567 -0.006257714346086254 -0.12245562322518978 0.19411195274163587 0.005275656711941759 0.980965197224742 6.481108582299002
19 0.9793537618373414 -0.005307576734014857 -0.20208423448748355 -0.8190892960451983 0.003824971250392174 0.9999628356305243 -0.007726379926827307 -0.12561422967581126 0.20211773633903543 0.006793893451646127 0.9793376663085857 6.952215947102014
20 0.9777871184247073 -0.005778415943986717 -0.20952078635308677 -0.9275002277447153 0.003768427513985651 0.9999429856861087 -0.009991212413842987 -0.13532119771051127 0.20956657800704914 0.008979715505169131 0.9777531463183646 7.429172575450747
21 0.9759417577108528 -0.009575311167090126 -0.21782102255835034 -1.0429624491068035 0.007236015308480749 0.999907291408822 -0.011534671995954357 -0.1459214703828646 0.2179112808545762 0.009681012414381742 0.9759205668448487 7.928225606111438
22 0.974071383528775 -0.014967594648786671 -0.22574523191872634 -1.1590229026793009 0.012475359811280682 0.999844512180718 -0.012462617656100917 -0.16220291975105225 0.22589667093930946 0.00932322682598491 0.9741066536512635 8.442882628162973
23 0.9721007066594416 -0.015895395131620454 -0.23402468092877932 -1.287390702646383 0.012918104569417912 0.9998150187242966 -0.014249592485392494 -0.1823852385505693 0.23420789803504127 0.010828884228447765 0.972126224843286 8.961335055753876
24 0.9699290584120247 -0.012365685550397685 -0.24307346653845918 -1.4409867608181028 0.008049870861382312 0.999791975645642 -0.018740464237517122 -0.18893395901168314 0.24325464455946152 0.016220211460615294 0.9698268319592421 9.490166468079387
25 0.9678351396466435 -0.00948277851497861 -0.2514064795435173 -1.5950020080656135 0.0042014677855387855 0.9997592556941476 -0.02153551287630953 -0.20587297931608406 0.25155017603444846 0.019786550555370232 0.9676419806839639 10.027896457405381
26 0.9653608707206192 -0.01159712392667996 -0.2606604965991958 -1.7501166688751961 0.0057884958152716005 0.9997177643097781 -0.023040942450412855 -0.22571031252028437 0.26085414240019894 0.02073399274171683 0.9651555415885676 10.581119414860124
27 0.9629654572370134 -0.013291752135630146 -0.26929696599685876 -1.911001448216414 0.007002633055858745 0.9996801591561493 -0.02430108036104437 -0.2521016471366287 0.26953384274571923 0.02151531379461265 0.9627505390798389 11.145658831618654
28 0.9607738719101899 -0.013114633837879499 -0.277022691764809 -2.087372162315664 0.005972006143088217 0.9996280106286677 -0.026611566983363567 -0.2737645601096529 0.27726864833569187 0.023913317715541123 0.960494795185902 11.718330194284947
29 0.9583206154448763 -0.012383032656242006 -0.2854264471642857 -2.27608722663998 0.003982467230484665 0.9995421659549342 -0.02999330631182259 -0.29577050777072084 0.2856671825614001 0.027606503001866567 0.9579311789390555 12.306507649956504
30 0.9561759230896799 -0.013612919082220239 -0.29247613695056246 -2.469189911281442 0.0035112982863472917 0.9993798986617718 -0.03503553802432789 -0.3248249875524564 0.2927717134185129 0.032473167702031215 0.9556307964187862 12.900563602299918
31 0.9542099480425347 -0.01449858684659476 -0.29878615113985657 -2.669627929747818 0.0020232011112001624 0.9991146933334839 -0.04202066409736783 -0.36159007018884376 0.29913087948544037 0.03949203204017578 0.9533945134507408 13.51337082250069
32 0.9529511092137183 -0.015063934973731647 -0.3027494993274612 -2.8778849177060946 -5.8282233268309564e-05 0.9987552856851336 -0.04987861171804571 -0.3960598437615857 0.3031240363839076 0.04754952415824616 0.9517640796433479 14.13077006613118
33 0.951810685593103 -0.015370339853525337 -0.30630078262035326 -3.0894525264491506 -0.002686090577418767 0.9982872238022499 -0.058441455292767334 -0.4384140486848202 0.30667442853885446 0.05644795423226956 0.9501391610532474 14.755302867019685
34 0.9503414059423727 -0.014821660976155004 -0.31085612178735045 -3.3153422865837214 -0.006441761095422833 0.9977143671658391 -0.06726474002207876 -0.4827889971882311 0.31114259964449625 0.06592692951401904 0.9480737970910573 15.397738652770087
35 0.9491145446747813 -0.014306751054167876 -0.3146059374050033 -3.545763789743128 -0.009514117300873445 0.9972090885870937 -0.07405076093942725 -0.5382004460340725 0.3147873316024251 0.07327585314710686 0.9463295342185751 16.04518059274498
36 0.9473733257916779 -0.012954859600195543 -0.3198686465011686 -3.78476342309481 -0.013555947637353861 0.9966612306713369 -0.08051476601024653 -0.5949961856568781 0.31984374213747097 0.08061366543857254 0.9440346496561409 16.706448448123947
37 0.9457162514946341 -0.011886686619498498 -0.32477603991258197 -4.032002568001049 -0.017118246086288487 0.9961217405913335 -0.08630436581000184 -0.6620125172352208 0.32454235297482514 0.08717903871631245 0.9418450395830905 17.378416712104993
38 0.9441258941572672 -0.010099894502363968 -0.3294302442293998 -4.287316677017404 -0.02126659682603863 0.995580547981023 -0.09147187725796174 -0.7327476452421404 0.3288982052915315 0.09336682936542276 0.9397385849491089 18.05411123472736
39 0.9421732079640714 -0.007661528950710736 -0.33503872133571116 -4.555305365217538 -0.025525095348415416 0.9951940037730905 -0.09453763459537116 -0.805224590858288 0.3341528353220136 0.09762272307353398 0.9374495660925908 18.75166641849681
40 0.9404532761126307 -0.006936600396939278 -0.3398521981486084 -4.823181781081509 -0.02725495700984494 0.9950341044161917 -0.09573034191290766 -0.8774918199484211 0.3388285768162321 0.09929257204241422 0.9355940268683341 19.44816815955025
41 0.9380777538854769 -0.0065160416246945775 -0.34636348875669515 -5.101968222542821 -0.02811448422310314 0.9950931012465662 -0.09486461736313012 -0.9612617415864282 0.34528206616157625 0.09872821932509636 0.933291506454451 20.164926272978242
42 0.9357569981318693 -0.006770645329594061 -0.35258048188196334 -5.383795393322357 -0.028076885280011215 0.9952112881404411 -0.09362788298183998 -1.041133223364343 0.35152600302476306 0.09751230975154483 0.9310858291524221 20.888194936388242
43 0.9332763294774983 -0.006879214845282763 -0.3590932560599692 -5.671094105277462 -0.028020163316759338 0.995374629169626 -0.09189242654526572 -1.1219132223560715 0.35806447073616104 0.09582287950177878 0.9287668239389016 21.61234849276584
44 0.9304874202725908 -0.006821994479874326 -0.36626031496095673 -5.966565078839707 -0.02776106686697215 0.9956382329395513 -0.08907206229812396 -1.2020418958554755 0.36527042843099844 0.093048211796868 0.9262394653539111 22.3359944724244
45 0.9263090240301407 -0.004443556797923286 -0.3767384289700417 -6.288948198699366 -0.029135394962920922 0.9960913448198313 -0.08338561958132533 -1.2788900568643626 0.3756364238066552 0.08821727600056413 0.9225589370049513 23.11357402085653
46 0.923110651137304 -0.0017510409003070743 -0.38453043645039914 -6.611103092325048 -0.030513022579073106 0.9965028845630627 -0.07778789454952618 -1.3574771954803102 0.3833219057573704 0.08354002100980336 0.9198289974143335 23.844158269866945
47 0.9193486275141018 0.0009393641601440694 -0.3934427728312427 -6.952075197156118 -0.03263163648685004 0.9967338779396748 -0.07386983758675279 -1.4282057112889077 0.3920883570324011 0.08075081643915111 0.9163765760189744 24.597431531971864
48 0.9156790536456247 0.0014752444238367165 -0.40190756530883165 -7.29347344546446 -0.03332741274760243 0.996827992715281 -0.07227196233542031 -1.4983199430697418 0.40052609991882654 0.07957246247113456 0.9128236794557498 25.345125346659692
49 0.911455922997984 0.0020113779542967726 -0.4113928187637193 -7.647612486985481 -0.034449280014459155 0.9968491182560654 -0.07144986062481296 -1.5703871088535384 0.4099528632725254 0.07929558614168421 0.9086533240618541 26.11236366623459
50 0.9077757528146514 0.0016299258567788982 -0.4194526461470627 -8.010157335158393 -0.034388060235913516 0.9969154290368671 -0.07054848479563872 -1.6350575604035549 0.41804383334005435 0.0784663678108673 0.905031704454126 26.87117174798466
51 0.9036267792337481 0.0019278430641596776 -0.4283163825370954 -8.39267721328932 -0.03485767772242513 0.997003867493009 -0.0690523754552186 -1.7030041014455688 0.4268999753549166 0.07732769109223747 0.9009865941883913 27.652682581208875
52 0.8996985713698715 0.001426531419014622 -0.43650938343885504 -8.78017584725466 -0.03403793581859334 0.9971790948109945 -0.06689747263881408 -1.7731620477975545 0.43518260825035515 0.07504543994667014 0.8972091635868775 28.437176291292808
53 0.8959903718994358 0.0016723892197446615 -0.4440703239374965 -9.180458724518791 -0.033092221963094394 0.9974639231008163 -0.06301291143499378 -1.8408289181673223 0.4428387532122873 0.07115423664329652 0.8937734149029725 29.223713837230466
54 0.8919338212192646 0.00341980366006171 -0.45215302652583944 -9.595291270815709 -0.033022837114167466 0.9977936982263872 -0.05759538230405358 -1.9004380272609098 0.4509584836250046 0.06630264608183169 0.8900788780926867 30.03144670224153
55 0.8882539282519797 0.0032501647839484494 -0.4593412578273108 -10.015311673793217 -0.03128628417409856 0.998080937700704 -0.05343791045805706 -1.9656109111118991 0.4582860794762948 0.06183751587321121 0.8866509996426184 30.833839762538997
56 0.884184054740466 0.002431823309991229 -0.4671323572778534 -10.45201338292505 -0.029994334094360142 0.9982185189430816 -0.05157643272454077 -2.026748672206684 0.466174753353422 0.05961438424499719 0.8826818389645495 31.652848463258486
57 0.8808592698947556 0.0020416516954731754 -0.4733738203894975 -10.900505739744148 -0.02944450401070136 0.9982906794651791 -0.050485052512795475 -2.0847482818425243 0.4724616083064068 0.058408484672768754 0.8794137149332762 32.47367747037258
58 0.8779324822734682 0.0017430417011418035 -0.47878127972248236 -11.356681608742573 -0.028734769911542148 0.9983826162460451 -0.04905572979578893 -2.1375828628878506 0.47792140897369023 0.05682528934374312 0.8765626149042234 33.296496440052174
59 0.8745729033453677 0.0005144315431346101 -0.4848937692183946 -11.832178407982141 -0.0271195190363628 0.9984860938544396 -0.04785448895823181 -2.1963139816227724 0.48413507630956604 0.055002325933224114 0.87326283365845 34.14011592676085
60 0.8719102002741428 -0.0006876338420124432 -0.4896653194452868 -12.313986005507656 -0.025930564281752645 0.9985310415355189 -0.047574835473447596 -2.253386660609615 0.48897874418806275 0.05417828313876134 0.8706115701472505 34.985442727863486
61 0.8701802481185348 -0.0015591021008468067 -0.492731062732446 -12.805119493262284 -0.02532120999997838 0.998532203869124 -0.04787770047840389 -2.310769787722277 0.4920824889537162 0.05413877676254531 0.8688635230441281 35.83432230152287
62 0.8683789070526894 -0.0016219799485272886 -0.49589861676224944 -13.312298599350386 -0.02556309643753314 0.998518724566171 -0.04803004095803449 -2.3651700250018965 0.49524196688590055 0.054384979403850564 0.8670511363624395 36.701210842152975
63 0.8681932860623166 -0.001742795966581843 -0.49622311094160176 -13.825738245298295 -0.02505985836145135 0.9985638706059361 -0.04735187284377392 -2.422842611829832 0.49559300380516585 0.05354585972085962 0.8669027744272711 37.577486893975646
64 0.8676027557061733 -0.0018971592296856367 -0.4972543154097085 -14.345938892635228 -0.024177210053944513 0.9986490859681999 -0.04599419148217173 -2.48094786542375 0.4966698347094441 0.05192691005414804 0.8663848314375423 38.476558379159634
65 0.8672014355833162 -0.003355734094028311 -0.49794618612479763 -14.873556750850273 -0.022217681477842317 0.9987207047437863 -0.04542387679289132 -2.5407857143425305 0.49746160522654936 0.050454861651192034 0.8660174727560769 39.37596684844474
66 0.8669530837521017 -0.005327323650314968 -0.4983612798924835 -15.406116244004695 -0.02025680168241332 0.9987399389827164 -0.0459150988102063 -2.599756907616869 0.49797792771739885 0.04990144284266812 0.8657527559156486 40.28366075511168
67 0.8655951783372873 -0.0071806144333382334 -0.500692940909474 -15.947146685878915 -0.018361182143276394 0.998769619174642 -0.04606641761720234 -2.660702855768927 0.500407691997186 0.049068183974945265 0.864398322547219 41.20746179659097
68 0.8644424464763031 -0.008110384633229727 -0.502666363920971 -16.48955291016157 -0.01650682562361753 0.9988728436230908 -0.04450356171207022 -2.720649946765795 0.5024607302636799 0.046768194473217936 0.8633342084484712 42.1262052225807
69 0.8619366566381992 -0.007679368361668424 -0.5069578110575046 -17.04018108436852 -0.015261111720792002 0.9990392822506178 -0.04108054300187282 -2.78112871877672 0.506786249328195 0.043145566336948396 0.8609913835956451 43.05634589819623
70 0.8591309172888333 -0.007844440337020612 -0.5116957363262127 -17.59689021529596 -0.012863109113386176 0.9992355984912651 -0.03691556789179844 -2.8411490682077467 0.5115941864078096 0.0382973044025812 0.8583732929373061 43.977574289053486
71 0.855573648146041 -0.008839872149005256 -0.5176056259451212 -18.15082920433399 -0.011079079933043247 0.9993125269201664 -0.035379761817175205 -2.8985797909989626 0.5175625477928223 0.036004586574536465 0.8548875271626492 44.880799328905056
72 0.8499762610232651 -0.011593686184753694 -0.5266933991626374 -18.719491263477636 -0.009335212464102722 0.9992693912616103 -0.037061266971408297 -2.9565365953104843 0.5267382784299974 0.036417992493068034 0.8492470319417286 45.78613042068716
73 0.8445620579102855 -0.01453812148452079 -0.5352602804111348 -19.291201118265406 -0.008180889263160086 0.9991643307497395 -0.04004638832777848 -3.0178668022329522 0.5353951886280751 0.03820056580822704 0.8437373491391059 46.67594922312387
74 0.838053483684941 -0.01474344158616721 -0.5453888371070537 -19.887556318638563 -0.008218946116479853 0.9991802194260753 -0.03964010648939587 -3.071831630183704 0.5455261792169327 0.03770305137784937 0.8372452887108066 47.57802168774827
75 0.8320651317076486 -0.012091492917696992 -0.5545461265203335 -20.49526010138416 -0.008703068082648775 0.9993547042733104 -0.034848696762664826 -3.123751547178737 0.5546096628925624 0.03382263868752796 0.8314229711054275 48.468112213841074
76 0.8271234306635835 -0.008947268257445289 -0.5619490819722803 -21.11025563350036 -0.010001064194619462 0.9994806341880356 -0.030633978122612454 -3.1800916299724493 0.5619313252256869 0.030958170420719664 0.8266043693964563 49.349001346072775
77 0.8226455033779377 -0.008413297944924568 -0.5684923798507283 -21.729141615887464 -0.011629212662893774 0.9994323345121172 -0.03161914238376923 -3.2277335544435983 0.5684356976949849 0.03262246459287379 0.8220806764611042 50.22433159363459
78 0.8193270300961659 -0.01082418746501738 -0.5732242566262378 -22.35264202193673 -0.011952279928416094 0.9992819977471871 -0.03595319182562284 -3.2813278973730475 0.5732018545672959 0.036308759196184 0.8186093783005046 51.0925958404374
79 0.8166430276860647 -0.013029491554666648 -0.5769960062877738 -22.979595727682756 -0.014020618322172594 0.9990022083990492 -0.04240294678943259 -3.3422980106010405 0.5769727835729606 0.042717912221071255 0.815645507178424 51.953383112932535
80 0.8131001510321381 -0.013960986751121738 -0.5819563804354898 -23.61196012837587 -0.01425857175067645 0.9989347869009437 -0.043886041872199404 -3.3997601180694597 0.5819491756256114 0.04398161468292179 0.8120349629474329 52.82189530235614
81 0.8102148598228341 -0.013184235493837662 -0.5859846843230312 -24.248670764822585 -0.01309029424337507 0.9990906139388669 -0.04057818817563172 -3.4615367216351176 0.5859868007815643 0.040547763551552755 0.8093054767864766 53.6850150025557
82 0.806565296744005 -0.01112957825841814 -0.5910402252573299 -24.894806287919323 -0.01205933747572743 0.9993049091859353 -0.0352742239687494 -3.516972597221384 0.5910219963273797 0.03557851897741065 0.8058704458710125 54.55423240185897
83 0.803371046697114 -0.009909217398667479 -0.5953963066246214 -25.54345420545375 -0.011850460904786267 0.9993974744380301 -0.03262291654512291 -3.5715568075586974 0.5953608432442213 0.033264027756885674 0.802769566915283 55.41398901832914
84 0.8006037799477431 -0.009265940495639474 -0.5991224607734662 -26.194212696797617 -0.013058589615998971 0.9993731286961676 -0.03290627448345939 -3.621135901740901 0.5990518062793676 0.03416858257657183 0.7999809049045563 56.26329357871199
85 0.7966806859530574 -0.010670426939600686 -0.6043062300129807 -26.856069141387756 -0.012594952490527209 0.9993339312764786 -0.03424997799804778 -3.6717678608095725 0.6042691931130719 0.034897504721017575 0.796015648956054 57.11718714236071
86 0.7927447506856274 -0.012638724200604178 -0.6094226905994432 -27.515857042954615 -0.011888441469700613 0.9992742678506424 -0.03618843171918285 -3.727722524219443 0.6094377993472282 0.03593327577315905 0.7920191762155944 57.965626776305506
87 0.7887615163114192 -0.013864893187395252 -0.61454294229126 -28.18600237187285 -0.010949926474320696 0.9992700399909498 -0.03659899320832738 -3.780677905781388 0.6146018025194261 0.035597077909597215 0.7880339330067175 58.809186622541816
88 0.7838060987052563 -0.014455838116730055 -0.6208373547371171 -28.87269773220135 -0.009871336497056103 0.9993126913278099 -0.03573096251506592 -3.8354596099019944 0.620927179827444 0.034134641249664935 0.7831246841613418 59.661477910494945
89 0.7792890400105671 -0.014791363392926344 -0.626490063947123 -29.555265627310646 -0.009302742442671128 0.9993381895324175 -0.03516592014311362 -3.889610914266267 0.6265956092451616 0.0332324923234813 0.7786356987566128 60.49938683734985
90 0.7735759580927994 -0.015725437653541664 -0.6335084372386701 -30.253059151840052 -0.009038640500915044 0.9993165620190573 -0.03584287747755647 -3.94665466020651 0.6336391296428325 0.03345324376670837 0.7729051309651452 61.34146066273555
91 0.7680672092631735 -0.017073924506875695 -0.6401415744899263 -30.95875307188597 -0.00828674807129856 0.9992957799574386 -0.036596092378179505 -4.001483234002412 0.6403156241922963 0.033412950957819265 0.7673848342767926 62.174005157573276
92 0.7628814189853655 -0.018428714736022627 -0.6462757268662422 -31.667614255513474 -0.007476903694002691 0.9992753744919989 -0.03732052859680508 -4.056918000526924 0.646495199781341 0.033303279634269906 0.7621908265776706 62.99827881012122
93 0.7567643544974036 -0.019579364938082995 -0.6533944843399233 -32.39445594973822 -0.007044998845994272 0.9992489958272607 -0.03810265526111055 -4.112872370586183 0.6536498196868996 0.033437895148626905 0.7560580853663111 63.8298814384816
94 0.7511317256701103 -0.02157156064863068 -0.6597998107399504 -33.12532725415064 -0.005710142092524327 0.9992162832833876 -0.039169037566537494 -4.170864383076199 0.6601276635183259 0.03318865789230003 0.7504198751701888 64.64899940482704
95 0.7445127305438498 -0.022356545976605656 -0.6672338199818159 -33.873822870169924 -0.004988173423011095 0.9992249539709476 -0.03904624811113222 -4.229057814131449 0.6675896340788394 0.03239870723346294 0.743824181254426 65.4748715369859
96 0.7382262826580847 -0.022620352999504625 -0.6741737659371159 -34.627666224000734 -0.0040014900723574515 0.999273146447502 -0.03790998375909648 -4.287515289917161 0.67454128945438 0.030683846423128047 0.7375991858269582 66.29498509375439
97 0.7321721391972358 -0.023545512776503488 -0.680712537501966 -35.387633431338905 -0.002614160748472578 0.9992978163363777 -0.037377004012826176 -4.345783582910766 0.681114625017587 0.029145893367735196 0.7315964688173358 67.10400201001303
98 0.7253260117421849 -0.024886878611620488 -0.687955529879904 -36.16516560822367 -0.0016861423640708978 0.9992790981482935 -0.03792678375299584 -4.405275047753288 0.6884034728665375 0.028669274137709935 0.7247611607547341 67.91577300818325
99 0.7188838472063996 -0.02649735033431258 -0.6946250035961212 -36.95256286258062 -0.0011027305589544553 0.9992284960250586 -0.03925807831533535 -4.466199885318867 0.6951293449523824 0.02898798296607782 0.7183000067266649 68.71923040506604
100 0.7132263179984092 -0.026220732786383753 -0.7004432049175264 -37.74496225624004 -0.001958620991724986 0.9992216101672344 -0.03939971543536263 -4.521412989884051 0.700931088809099 0.02947281710873156 0.7126197941162243 69.51103843485123
101 0.7074418366371716 -0.026005607495668166 -0.7062929610577233 -38.55525739484613 -0.0019142242035949724 0.9992486716282626 -0.03870953361759508 -4.580650348349415 0.7067689805051873 0.028736747000989372 0.7068605356673681 70.31275332857955
102 0.7028572477677761 -0.02601144652713852 -0.7108551782769882 -39.37054252369409 -0.002215754520697036 0.9992462857180776 -0.03875501140667657 -4.640359985717192 0.711327483010916 0.028814321588616146 0.7022698599632654 71.10709881631222
103 0.6974292393623407 -0.02665121595084245 -0.7161579149974621 -40.199874134360186 -0.002232929164591057 0.9992226092676431 -0.039359765675599505 -4.701902483101436 0.716650178703614 0.029049781688770024 0.6968275547844677 71.90422219635083
104 0.6922394739429232 -0.028416755247148266 -0.721108167376634 -41.03380429944516 -0.002480198008924064 0.9991248646954056 -0.041753483241030925 -4.765343698980966 0.7216636113755512 0.030691900683873802 0.6915631922900869 72.69390940339062
105 0.6877711819053788 -0.030643298622721877 -0.7252804835427498 -41.8709375605355 -0.0020804343544879277 0.999021342810843 -0.044181765431831846 -4.830510304918483 0.7259245703872502 0.0318958438415095 0.6870343390547385 73.48089709671852
106 0.6821326058069241 -0.031104647710078953 -0.7305666287692376 -42.727757412516105 -0.0025203693518357512 0.9989889232671734 -0.044886288815308484 -4.896195741580475 0.7312241549107262 0.0324596992734184 0.6813645229369139 74.2684070625635
107 0.6771562046131823 -0.03125375601207275 -0.7351752629529241 -43.58984629852293 -0.001501725412511883 0.9990368111747541 -0.04385424418450087 -4.960637119672979 0.7358377731444948 0.03080020528247739 0.676457041507448 75.05248378739465
108 0.6725922171861215 -0.03176287510800183 -0.7393313323599264 -44.4531944238371 -0.00013830408576614254 0.9990730120199787 -0.043047619186072784 -5.027602378249249 0.7400133102686098 0.029055746517029364 0.6719643400983422 75.82961211301343
109 0.6672362406179633 -0.03246900887736628 -0.7441381272383085 -45.33467330544872 0.00039150087959324284 0.9990645858771074 -0.04324118366122592 -5.097722805217529 0.744846061398756 0.028560754426508357 0.6666248108141536 76.60853713836507
110 0.6627648525200389 -0.033530502681313024 -0.7480764969538591 -46.21779288300028 0.0013644827439529034 0.9990494095995253 -0.04357080851673585 -5.1622230695663145 0.748826346895576 0.02785646333207972 0.6621805871632234 77.38066457465612
111 0.6580795305754028 -0.034288194168259734 -0.752167295695584 -47.114525673868755 0.002401727140484112 0.9990530899906281 -0.04344139816084505 -5.231894703692634 0.7529446012879747 0.0267813946106022 0.6575387401295161 78.15939125719382
112 0.6540357242599385 -0.03558405592218255 -0.7556262540454183 -48.01686978101092 0.0041273599140736 0.9990460001216573 -0.04347475733206491 -5.297203379179053 0.756452408187592 0.025315303181525306 0.6535586432304415 78.9297591432644
113 0.6504590252423907 -0.038221031266349625 -0.758579065504089 -48.91984412981675 0.006927521798099762 0.9989900809400885 -0.04439400413820793 -5.368331584202988 0.7595097600237244 0.02362140792315276 0.650066892070876 79.69787529648369
114 0.6456818618438727 -0.042602769087853445 -0.7624171605001391 -49.835284160994505 0.010167783268318818 0.9988335942895685 -0.047202405370986654 -5.4418176840787735 0.7635388393746086 0.02272564480209381 0.6453619113263498 80.46881329772194
115 0.6407809631761324 -0.046917421949130775 -0.7662887849382101 -50.75375416082276 0.014652821243965738 0.9986964803547533 -0.048894119468329125 -5.5122677814246615 0.7675839119894193 0.020102128620357207 0.6406331659730504 81.2385318028411
116 0.634443729686707 -0.05079574778359515 -0.7712982139943821 -51.6840920402265 0.02025900468862474 0.9985883784603743 -0.04910013325408383 -5.587730309409023 0.772703524404832 0.015525537732093501 0.6345772073240974 82.00012170262752
117 0.6257920203388978 -0.05420746078377705 -0.7781040337503302 -52.625025434103165 0.02500431506519498 0.998463596720669 -0.04944926892084974 -5.665438647204057 0.7795890851889837 0.011488999643309702 0.6261859726418109 82.76487714156967
118 0.6170953171581373 -0.05560228953797941 -0.7849214888260414 -53.57934971678975 0.028113675039071227 0.998421437913508 -0.048623590278458646 -5.743318246572702 0.7863860383105897 0.007938362313097599 0.617684379381322 83.51560852964205
119 0.6076910554607103 -0.05470129918468463 -0.7922874083712461 -54.55445058220706 0.0290431920837984 0.9984884557611747 -0.046661511402098906 -5.813659122650053 0.7936422901675392 0.005345227813480348 0.6083612046910339 84.25658187445242
120 0.5985859823364406 -0.054771101812993196 -0.7991839190404637 -55.54117333099676 0.02911771044436986 0.9984881725111123 -0.04662111361708468 -5.894122498537291 0.8005291946687051 0.004636339220825951 0.5992758334893629 84.98681080904429
121 0.5896864528761898 -0.055807779206525875 -0.8057017855219223 -56.536281082314936 0.028077404245138365 0.9984232559188132 -0.04860721502452585 -5.963115008489747 0.8071440749188141 0.006041001562068391 0.5903236066460654 85.70066157350216
122 0.5790362070940438 -0.058125706455449656 -0.8132271890657705 -57.54384226586126 0.029283306237488326 0.998294508972503 -0.050503081778351375 -6.043325357255475 0.8147757790226469 0.005429132173786173 0.5797507797246443 86.40951484073587
123 0.5693201450922561 -0.05924263534962022 -0.819978579156278 -58.559997480722295 0.029155604884595114 0.9982277464565436 -0.0518779032458946 -6.117489183201652 0.821598767357651 0.005628164004563762 0.5700384211464053 87.11189541155909
124 0.5596964059392422 -0.06034664563473916 -0.8264975517715516 -59.5776796063151 0.032253100636420604 0.9981756531051332 -0.05104020945116185 -6.198880583015764 0.8280698535162598 0.0019099131055857006 0.5606216928117759 87.8038564672011
125 0.5489618160383206 -0.06029088533492751 -0.8336701512120637 -60.6186809430547 0.03363136434619259 0.9981806893242453 -0.050042409260419925 -6.279184312245896 0.8351705620413133 -0.0005660927312216753 0.5499907495239761 88.4888360615324
126 0.5385825879605853 -0.06098076542328633 -0.8403630937578747 -61.66748544259027 0.034139333481373414 0.9981378675134105 -0.050550007679031214 -6.35845070112073 0.8418808192916121 -0.0014640819569957378 0.5396615193670781 89.1535536898265
127 0.5288693737001771 -0.06167770051088512 -0.8464591152592583 -62.72695764235292 0.033346425520670776 0.9980958115434853 -0.05189187619956908 -6.438143370965054 0.8480478840751605 -0.0007823617866476738 0.5299190384490191 89.8054165174971
128 0.5184240633321072 -0.06205425094633943 -0.8528691267124835 -63.80128126553024 0.032070464563952295 0.9980727598510751 -0.053124864967941915 -6.519600286920854 0.8545220817913765 0.00018929924973559037 0.5194150451837267 90.44939837895946
129 0.508996403548714 -0.06273520444819007 -0.8584794359439408 -64.88369911588134 0.031000902457522177 0.9980295404509152 -0.054552546837342245 -6.604106950347055 0.8602102172136368 0.0011534128889562317 0.5099382955480192 91.07883969699152
130 0.4990824143895461 -0.06259562189010365 -0.8642907602432995 -65.98182841847124 0.030101015031598857 0.9980380118313263 -0.05490041682101134 -6.691106725332943 0.8660315729197211 0.0013838034098150622 0.49998741322800083 91.70066590506175
131 0.49029655914358095 -0.060969936431161165 -0.8694204605774499 -67.08924200270582 0.029481725356707244 0.9981394591510288 -0.05337085244883502 -6.774487770245593 0.8710569010503549 0.0005355300615014032 0.49118184217003874 92.31701199656963
132 0.4827290640575586 -0.059751431502859415 -0.8737290216939859 -68.19831919625658 0.0307132639423817 0.998211133949186 -0.05129549115857592 -6.858811769743932 0.8752310318826689 -0.0020732456619631484 0.4837006887982409 92.92024692445264
133 0.47468005406677866 -0.06003263494699767 -0.8781087148459591 -69.32194031621204 0.030913767025140648 0.9981928042016346 -0.051531200095079055 -6.9430050419715545 0.8796153696104233 -0.0026848154368911124 0.4756780500511242 93.52153686637806
134 0.46727279148737105 -0.06269582385776121 -0.8818873839511048 -70.44678803201386 0.03258304792992546 0.9980260160573585 -0.053688138271439756 -7.030450823525827 0.8835125899643342 -0.0036475727217375967 0.46839322442931053 94.10789760052599
135 0.4609269924034439 -0.0658827832389147 -0.8849891255949496 -71.5707437534832 0.03518588685271858 0.9978130404416786 -0.05595614011188606 -7.11871782543961 0.8867402519632045 -0.005347431949295205 0.46223710876542146 94.68797413304306
136 0.4543865639615706 -0.06864223315844027 -0.8881559998669992 -72.70753335264247 0.03662632560928264 0.9976232375711171 -0.058364270334815664 -7.208182111251332 0.8900513335105601 -0.006009950673543761 0.45582070872905206 95.26761532675393
137 0.4496838570759367 -0.07172792062904675 -0.8903030494193016 -73.84854706152117 0.03846953328048128 0.9974006978780487 -0.06092571540792967 -7.304166533564655 0.8923589733361509 -0.006852232184204616 0.4512743334008861 95.83394914360436
138 0.44461550932956295 -0.07208272136214489 -0.8928163953404283 -74.98705417547734 0.03998203879961735 0.9973602982550098 -0.060612473574801706 -7.401739677013685 0.8948287540749006 -0.008747374062940719 0.44632387205819224 96.40689508835305
139 0.44008417467632505 -0.07011028950261615 -0.8952153104587102 -76.12798679823281 0.0421199477386684 0.9974616707540157 -0.05741189157423927 -7.496554048205769 0.8969681393220811 -0.012440357321098224 0.44192013878239006 96.96639031086744
140 0.4366453705848348 -0.06851267429519113 -0.8970210807610026 -77.26654501770808 0.045974081790843536 0.997492421840363 -0.05380754675749991 -7.590637160968727 0.8984582449768128 -0.017744904540949673 0.43870025639455795 97.52555823230622
141 0.43295249693012683 -0.067832273694949 -0.8988608921937767 -78.40109760877601 0.047156694558107996 0.9975036015583938 -0.052562448093405725 -7.680820288831043 0.9001824234208221 -0.01963026561550987 0.4350704217191591 98.07424097113258
142 0.4302001848511011 -0.06754496333471177 -0.9002030128314804 -79.53685987184436 0.048020818826995534 0.9974972472383239 -0.05189646061044154 -7.7684138157663405 0.9014553875995919 -0.0209026190705621 0.4323670655152643 98.6146974039116
143 0.4283603768405701 -0.06704769905099771 -0.9011170728639659 -80.67330543797394 0.05024125719480538 0.9974679610485753 -0.05033371304194444 -7.8561387566564305 0.9022101848121867 -0.02371228659209573 0.430644313293838 99.1497111348503
144 0.42544748880487376 -0.0665142705887423 -0.9025354682437946 -81.79806459893375 0.05188645592348271 0.9974476796997375 -0.049050197390283205 -7.940110180266401 0.9034944626052157 -0.025961083767239317 0.42781280123472115 99.6766387328436
145 0.42395245811406773 -0.06713519558383857 -0.9031927613271625 -82.92353866959351 0.05371909189240653 0.9973570954020564 -0.0489191509157301 -8.027558215893858 0.9040899216600883 -0.027779300959587475 0.42643843487798005 100.20266243617063
146 0.42129977768901555 -0.06744124923571386 -0.904410393861974 -84.03116777692725 0.05586356173306029 0.9972673886206991 -0.04834271373524589 -8.108673508921903 0.9051993006263909 -0.030156811639435913 0.4239160384383685 100.71570049627705
147 0.41889601323967424 -0.06698385181949586 -0.9055602017306447 -85.14106841280582 0.059196280002512584 0.9971684816822076 -0.046376928302932184 -8.190622250115574 0.9061026126387428 -0.034178685245637566 0.42167509728189856 101.22215318992875
148 0.4173740862385073 -0.06677883752733936 -0.906277796398594 -86.24372741859779 0.061621217187173394 0.9970805615039573 -0.045090790272017095 -8.270843635108323 0.9066431005966479 -0.03702621392016353 0.42027058244566995 101.72491980983261
149 0.41559227257169495 -0.0674936752720457 -0.9070433572901431 -87.32824717869212 0.0632356649578201 0.9969739873811518 -0.04521193498603386 -8.350188466812943 0.9073501682453866 -0.038567759434010015 0.4186026934787068 102.21212045552869
150 0.414506722538637 -0.06865859471038059 -0.9074525660096019 -88.40542152717188 0.06463381284073605 0.9968529135045253 -0.04589922631182182 -8.428746449715721 0.9077481266212993 -0.03962658185581808 0.41763990172208254 102.69732115762687
151 0.41457583554216326 -0.06975090535126709 -0.9073376841093581 -89.47695148625188 0.0649890236642518 0.9967817088871173 -0.04693241450219528 -8.5111581360884 0.9076912016559285 -0.039509945674425166 0.4177746539843712 103.1793428984173
152 0.41489623993006886 -0.07019286196634489 -0.9071571294124119 -90.52549490066423 0.06413003146476509 0.9967961932569688 -0.047798410774756404 -8.589557468726719 0.9076058964806418 -0.038344634743328505 0.41806846393534297 103.64763147789203
153 0.41770210435573907 -0.07002215489748488 -0.9058817997403917 -91.5734728085927 0.06231015770214343 0.9968862054665498 -0.048325329783511395 -8.668382439508628 0.9064449295960488 -0.036260046232810074 0.4207645582688825 104.11553877723395
154 0.42144211350510213 -0.06980376953823493 -0.9041647880966714 -92.59701080711487 0.060364827388714036 0.9969811731732645 -0.048832651523565626 -8.746605571493829 0.9048439902253225 -0.03399961585212736 0.42438354617178775 104.58456420738221
155 0.42690003567944657 -0.07014090769716187 -0.9015745105046908 -93.61837534302873 0.05922709430161096 0.9970154214863319 -0.04952171768004895 -8.8242968729169 0.9023572046710395 -0.03225681584503742 0.4297801620822196 105.059097065204
156 0.4336266563405675 -0.07017793113670838 -0.8983557014759794 -94.63654188648728 0.058654413581065906 0.9970465969566845 -0.04957563078793168 -8.901071016936008 0.8991816260126524 -0.031195212166672193 0.4364622283698417 105.53967920158986
157 0.4400775076467648 -0.06904089485098353 -0.895301696454201 -95.63909366143865 0.057550307439537075 0.9971586132991274 -0.04860722109163117 -8.97700399312737 0.8961136999040253 -0.03013394348276849 0.4428004029097991 106.02285423117785
158 0.4479345260199168 -0.06825571147887467 -0.8914571240025632 -96.6374876568441 0.056849675608891204 0.9972383261508639 -0.047789487814383025 -9.049338985453257 0.8922571313450499 -0.029272487047792076 0.4505777929218322 106.51385774522228
159 0.4572502137434573 -0.06786193151844183 -0.8867451641284025 -97.63252129068093 0.05664843464630149 0.997282085727783 -0.04711046853768041 -9.122105976951168 0.8875320897788238 -0.02869145396289471 0.45985171996214 107.01536491118222
160 0.46619540868528 -0.06753699024384237 -0.8821000973971276 -98.61024011777455 0.056304816200547364 0.9973254506707554 -0.0466016418699974 -9.192859172855824 0.8828882273253822 -0.027941012660517985 0.4687512047934961 107.51846303206104
161 0.47638472509487595 -0.06831868781966186 -0.8765786540348647 -99.58673198075313 0.05605816541150872 0.997308233415845 -0.04726277138942557 -9.264251095931689 0.8774480548572017 -0.026624129095253236 0.4789322298100564 108.03322593474394
162 0.4866421622263311 -0.06930152215650139 -0.8708482596037191 -100.5397992795443 0.054060513440884625 0.9973269601932417 -0.049156843537487685 -9.336925727260265 0.8719271069523034 -0.02315671164643782 0.4890878251141091 108.55770902326512
163 0.49841764966008567 -0.06961694348028218 -0.8641373236734534 -101.4885180319907 0.05214829283776561 0.9973731597527294 -0.050272613503340995 -9.410098060736544 0.8653672138817862 -0.020006528538877792 0.5007387917538552 109.0947692094254
164 0.5110311606044715 -0.06828555765830852 -0.8568455066076366 -102.43889757738162 0.050252199735496446 0.9975079091398132 -0.04952461546929566 -9.482264022608796 0.8580920008281984 -0.017749749989469814 0.513189124875752 109.64435117944026
