0 1.0 1.1976249852940768e-11 1.7046379585661242e-10 5.551115123125783e-17 1.1976249852940768e-11 1.0 3.562503070320133e-10 0.0 1.7046379585661242e-10 3.562503070320133e-10 1.0 2.220446049250313e-16
1 0.9999444585242465 -0.002283895658295294 0.010289008896752518 0.021366121849202908 0.002273466703697869 0.9999968901625924 0.0010251877408706308 -0.009154157249807417 -0.01029131815593534 -0.0010017383676458821 0.9999465412102986 0.2900221342827935
2 0.9998510965996971 -0.0040405255909656875 0.016776734109219985 0.03967819994792114 0.004020377646017482 0.9999911562410588 0.0012345021987621163 -0.014612351157533197 -0.01678157372287621 -0.0011668688516308125 0.9998584985796743 0.5725528399870694
3 0.9998080784693729 -0.006035837927089965 0.018637996645173623 0.05389825060782507 0.006028618098810806 0.9999817293469523 0.00044353708456441334 -0.018956309036701258 -0.018640333211405336 -0.0003310898674596009 0.9998261990652022 0.8648482142463685
4 0.9998371034364923 -0.006950198352607403 0.01665717159837623 0.06363654035628119 0.006959519572492889 0.9999756563972704 -0.0005016849425406962 -0.02192659320684705 -0.016653279235288677 0.0006175298676385033 0.9998611338225343 1.1622526616004505
5 0.999907614355623 -0.009510526953012076 0.009711470517208155 0.06441302531169174 0.009529939432106007 0.999952678776845 -0.0019545958367824814 -0.023366147905313366 -0.009692421543154767 0.0020469657296956294 0.9999509322379726 1.4755358271464818
6 0.9999451817928594 -0.01016709695952503 -0.0025027111308570937 0.059670484166097985 0.01015985711919107 0.9999442146389809 -0.0028887533429709737 -0.032169355771956426 0.00253194214198464 0.0028631685392919806 0.9999926957423392 1.7900310850351238
7 0.9997849685686365 -0.010007962306415414 -0.018161974042919422 0.03458894044210935 0.009950352243444373 0.9999451811643494 -0.003259622579530859 -0.0391787926933117 0.018193601265753187 0.00307820434660484 0.999829744287293 2.119470210719159
8 0.9992903610123582 -0.006528768901460661 -0.03709648905504614 -0.0027842280861425026 0.006395003279951529 0.9999726197309785 -0.0037234003991848974 -0.04640515920048433 0.03711978354935771 0.003483526672494557 0.9993047517080355 2.466533866818128
9 0.998391297152409 -0.0029763567413604868 -0.05662118809573619 -0.04548568331178655 0.0027117212138087986 0.9999850416881878 -0.004750048815060019 -0.05233663472027915 0.056634480297129045 0.004588867224602952 0.998384434009644 2.8166211053088137
10 0.9970861661221555 -0.0022949904646675508 -0.07624900093319477 -0.08996852003999822 0.001927952562673649 0.9999862003297837 -0.004886936276782519 -0.057089327583873146 0.07625916585183684 0.004725692786050534 0.9970768313712298 3.171505826654081
11 0.9952356338874734 -0.0030418395283724037 -0.09745142357970683 -0.13945363416968198 0.0026376031789601376 0.9999873766245164 -0.004276638513661342 -0.06323937791175858 0.09746320428719864 0.003999225518093327 0.9952310939197017 3.548054582435076
12 0.9931254063686045 -0.0040074368487239866 -0.11698661155067223 -0.19596612003114047 0.0036292247262334457 0.9999874775436312 -0.003445791316672347 -0.07268928522438373 0.11699895774663531 0.0029975328323124024 0.9931275140092125 3.931322467836048
13 0.9909326854021479 -0.0036002480178505703 -0.13431102234380146 -0.2713100057960497 0.003229059119933788 0.9999903422061078 -0.002981386648683501 -0.08021742938196974 0.1343204615908959 0.0025206558600305274 0.9909347407323355 4.328544956452066
14 0.9886282993905482 -0.0029602457515889016 -0.15035066343168588 -0.35446798563482673 0.00261017133498982 0.9999934039595774 -0.002525675874935249 -0.08839614272407613 0.15035715127457097 0.002104514248149726 0.9886295052645254 4.741244697792159
15 0.9865129128828345 -0.002416919553784458 -0.16366560582186163 -0.43825611343932375 0.0020357512065354954 0.9999948112663475 -0.002496628552915289 -0.09551734114716642 0.16367079392496245 0.0021297744345310362 0.9865127145487587 5.15328281627638
16 0.984318503832728 -0.0033950899788350235 -0.17636767164114664 -0.5244866581553278 0.002912828549567756 0.9999912779548835 -0.0029932322347311197 -0.10316155335852871 0.17637629903677587 0.0024325656602740883 0.9843198080621955 5.581905923057897
17 0.9824981888627702 -0.006266876173421378 -0.18616668417918447 -0.6107119101695467 0.005480585603123474 0.9999737572092802 -0.004737938903803404 -0.11524492590773486 0.186191494282255 0.003634714520553423 0.9825067517134768 6.02768561942336
18 0.9809798026589054 -0.005592399686479782 -0.19402925277276223 -0.7069459736727521 0.004462055260373087 0.9999704370692102 -0.006262191572150478 -0.12254613478956784 0.1940585410708892 0.0052773147901098195 0.9809757558180038 6.481648370079694
19 0.9793647042505758 -0.005323433238124344 -0.2020307802077237 -0.8181542409197093 0.00384058977956453 0.9999627401750327 -0.007730984790571363 -0.12570718393234181 0.20206441178707474 0.006795536875424724 0.9793486586242246 6.952761787006578
20 0.9777984966488406 -0.005794276509548832 -0.20946724152862647 -0.9265396994138566 0.0037841518291291346 0.9999428797392486 -0.009995871545666864 -0.13541772248443254 0.2095131995046831 0.008981292930456436 0.9777645711794574 7.429730384637607
21 0.9759534572936186 -0.009591260689582236 -0.2177678943544514 -1.0419781961736132 0.007251867337578743 0.9999071233851757 -0.011539281251246323 -0.14602135870222238 0.21785834916614183 0.009682578157435735 0.9759323688115781 7.9288078382026885
22 0.9740833624894508 -0.01498395939433165 -0.22569245161478094 -1.1580035278549192 0.012491563778375207 0.9998442500663284 -0.01246741443934033 -0.16230572320796766 0.22584411550629788 0.009325049922231727 0.9741188223837056 8.44347139571418
23 0.9721118885415654 -0.015911524553826942 -0.23397713200436132 -1.2863148289350979 0.012933991500533825 0.9998147395383153 -0.014254769170160414 -0.18248335107540598 0.23416060478898637 0.010830972945983675 0.9721375944037629 8.961860911899235
24 0.9699407485205285 -0.012381672027541177 -0.24302600112727668 -1.4398881886984916 0.008065812253325049 0.999791745840459 -0.018745869093922764 -0.18903531624715783 0.2432074996879684 0.016222180846903585 0.9698386228086172 9.490698617910468
25 0.967847314029514 -0.009498613862510497 -0.25135900946795353 -1.5938738693912824 0.004217388925192033 0.9997590693814075 -0.021541049481296926 -0.2059781724513488 0.25150306416725343 0.01978836884738018 0.9676541895740437 10.028434070958175
26 0.9653728689474276 -0.011612342025749046 -0.2606153792517985 -1.7489510392428609 0.005803845394208712 0.9997175547304544 -0.023046173906189737 -0.22582101630523155 0.26080939455497254 0.020735580322942912 0.9651676004412688 10.581613501699886
27 0.9629778399847372 -0.013306932756592239 -0.26925193340267517 -1.909809167914077 0.00701793352026851 0.9996799212776947 -0.02430645161653371 -0.25221554905094484 0.26948920088523354 0.021516982775938248 0.962762998701893 11.146160650542386
28 0.960786644251634 -0.013129782267183943 -0.27697767304320986 -2.0861537857341537 0.005987340143142083 0.9996277719572361 -0.026617086202268485 -0.27388209137709524 0.27722405584274884 0.023914982075860562 0.9605076252623921 11.718843824604843
29 0.9583337280291265 -0.01239827246290754 -0.28538175622749545 -2.2748499268638 0.003998031990817047 0.999541935363718 -0.02999891964980048 -0.29589231173316966 0.2856229729662503 0.0276080118243446 0.9579443182046998 12.307023967462744
30 0.9561893711082698 -0.013627929834264892 -0.29243146933323744 -2.4679247090385354 0.003526819256410168 0.999379643224555 -0.035041264871283825 -0.32495045610312573 0.29272760275585175 0.032474732832093275 0.9556442560777616 12.901088809355052
31 0.9542233300083417 -0.014513425823523126 -0.2987426903139798 -2.6683304485141597 0.002038941487472292 0.9991144358643053 -0.04202602472164862 -0.3617167622393045 0.2990880815626515 0.03949309519970827 0.953407896355279 13.513883258694708
32 0.9529587991400493 -0.015084374679334055 -0.3027242752307605 -2.8768412308308644 -3.794833323409968e-05 0.998754908884621 -0.04988617570507108 -0.3962021437965452 0.3030998632190928 0.0475509588538629 0.9517717064554201 14.131147705219831
33 0.9518172508910717 -0.015398165992211029 -0.3062789829237398 -3.0883650823738495 -0.0026588366422894594 0.9982867001112188 -0.05845164629695798 -0.43857790731321045 0.3066542889071747 0.056449632027981235 0.9501455615652349 14.755350450751607
34 0.9503483469466508 -0.014848786923567628 -0.3108336064814455 -3.3142429797389683 -0.00641455143818725 0.9977139441872017 -0.06727361362059509 -0.4829524539529883 0.3111219607059795 0.06592722669446822 0.9480805495452046 15.397781236765823
35 0.9491219294940157 -0.014334014527001825 -0.31458241665872155 -3.54466331257642 -0.009486556401182967 0.9972086819338771 -0.07405977253339184 -0.5383714931629837 0.3147658966273925 0.0732760591465037 0.9463366481343805 16.045235602031816
36 0.9473802849618125 -0.012980535158628627 -0.3198469934145158 -3.7839573805585713 -0.013529563078503129 0.9966609759015364 -0.08052235728767661 -0.5951688531219461 0.319824245658235 0.08061268503119029 0.9440413386564721 16.706510601209605
37 0.9457212717746495 -0.011913745006644633 -0.324760429477236 -4.03121933738425 -0.01709074587672228 0.9961215785852847 -0.08631168558025826 -0.6621866076350484 0.3245291729302595 0.08717719624769288 0.9418497516189299 17.378421900090242
38 0.9441290389451712 -0.010127296676911705 -0.32942039005336027 -4.28667325334626 -0.021239901172463094 0.9955802692861225 -0.09148111277266893 -0.7329181445060918 0.32889090291680784 0.09336683288531468 0.9397411403186187 18.054162402367535
39 0.9421778308657172 -0.007690563407613229 -0.3350250556082367 -4.554660926175296 -0.025496071159317218 0.9951939089646468 -0.0945464642827251 -0.8053928171345279 0.33414201626275636 0.09762140659784374 0.9374535595552459 18.751724619115365
40 0.9404575422046416 -0.006966763467216897 -0.3398397756000467 -4.822524859984863 -0.027224829024787973 0.9950340842378663 -0.09573912410865783 -0.8776592488298252 0.338819157803728 0.09929066245538536 0.9355976405998672 19.44815137993556
41 0.938082091510775 -0.006546393698783277 -0.34635116831548624 -5.101294592160613 -0.028084267926925713 0.995093087857928 -0.09487370758741448 -0.9614421656874134 0.3452727403843027 0.09872634635653868 0.9332951547106679 20.164922200129144
42 0.9357614700933998 -0.0068004922994638764 -0.35256803852362545 -5.383119338772686 -0.028047271228839574 0.9952112471853098 -0.0936371937492134 -1.041320941358884 0.351516462640879 0.09751065077052626 0.9310896047549473 20.888193135846887
43 0.9332807579281911 -0.006909481733203842 -0.3590811652690742 -5.670327511353617 -0.02799020585360316 0.9953745970573323 -0.09190190374730473 -1.1221184821167585 0.35805527111893587 0.09582103538644926 0.9287705608439695 21.61227925770006
44 0.9304863972698728 -0.006855564303354904 -0.36626228708858116 -5.965340686688239 -0.027727168898743593 0.9956387668235392 -0.08907665299894127 -1.2021843074666168 0.3652756091036099 0.09304003146149963 0.9262382440406743 22.335157082361533
45 0.9263083450965653 -0.004476704394256707 -0.3767397058736457 -6.287581505280667 -0.029101792313534366 0.9960919342540017 -0.08339031248145606 -1.2790329168580357 0.3756407028242329 0.08820894421059797 0.9225579913837066 23.112711402002066
46 0.9231099816663508 -0.0017840935826510958 -0.3845318916581182 -6.609736860140608 -0.03047956019691454 0.9965035198316691 -0.07779287500194176 -1.3576238677980152 0.3833261801413697 0.0835317434880137 0.919827967870173 23.843294636225863
47 0.9193479547598147 0.0009063335700759509 -0.39344442231229454 -6.950708269676182 -0.032598246682440435 0.9967345784288054 -0.07387512785136362 -1.4283572975923369 0.3920927118992769 0.08074254712974341 0.9163754413507303 24.596565714332947
48 0.9156782335150353 0.0014422290735649366 -0.40190955366354936 -7.292096082094458 -0.03329409758135936 0.9968287032385332 -0.07227751729944737 -1.4984774570916257 0.4005307456052877 0.07956416634139102 0.912822364172994 25.344254782943707
49 0.9114550693796334 0.0019784203942594396 -0.4113948697962461 -7.646228882101216 -0.03441610164118107 0.9968498399008292 -0.07145578130659429 -1.5705512395042551 0.4099575478230344 0.07928734283016785 0.9086519298749512 26.111492937751635
50 0.9077750073560247 0.0015969213816527828 -0.41945438640950133 -8.008780989213479 -0.03435485147621059 0.9969161341422602 -0.07055470014332492 -1.635227155985984 0.4180481824844801 0.07845808764144017 0.9050304133803188 26.87030200582326
51 0.9036260928736988 0.0018946902054672902 -0.42831797849700615 -8.391309175154902 -0.03482435483719269 0.9970045781265675 -0.06905892811917803 -1.7031804876536136 0.42690414777873437 0.07731934769612578 0.9009853332635878 27.651813830149795
52 0.8996958646499985 0.0014034327240921693 -0.43651503714679357 -8.778521431799163 -0.03401598603994689 0.9971794112169672 -0.06690392056503822 -1.7733545090102518 0.4351899203209129 0.07504167107858584 0.8972059321346231 28.436399427699577
53 0.8959875858870308 0.001649317316998727 -0.4440760314549765 -9.178809230080716 -0.03307032688502513 0.9974642305277851 -0.06301953940569667 -1.8410275593829664 0.44284602567229686 0.07115046546303903 0.893770111794404 29.222934245483533
54 0.8919319385608658 0.0033955375955065656 -0.45215692318907413 -9.593554385008213 -0.03299967563119973 0.9977940475051975 -0.0576026060649401 -1.9006519599551304 0.45096390270468645 0.06629863680642087 0.8900764311409467 30.030656856172648
