0 1.0 1.1976249852940768e-11 1.7046379585661242e-10 5.551115123125783e-17 1.1976249852940768e-11 1.0 3.562503070320133e-10 0.0 1.7046379585661242e-10 3.562503070320133e-10 1.0 2.220446049250313e-16
1 0.9999446662035445 -0.0022489925999581743 0.010276506220199036 0.02194048251761278 0.0022384115579862193 0.9999969528844574 0.001041024096629158 -0.00898865249062976 -0.010278815996281348 -0.001017962729044053 0.9999466534176698 0.2885390666803711
2 0.999852390483524 -0.003995588100785601 0.01671025272146196 0.0407731931498059 0.003975242155669291 0.9999913166647885 0.001250614780272307 -0.014321716525622467 -0.01671510450646299 -0.0011840021580439024 0.9998595918436859 0.5702271009730746
3 0.9998072661533898 -0.00601412626537133 0.018688522231457328 0.05528383160308435 0.006006818790957886 0.999981858932305 0.00044712793509361806 -0.01872192646312614 -0.01869087226310353 -0.00033478246299844643 0.999825254329282 0.862268727102466
4 0.9998374203393811 -0.006935781630088819 0.0166441537276059 0.06527876046041753 0.006944932390373533 0.999975762602716 -0.0004920455747031173 -0.021709742100992944 -0.016640337538101544 0.0006075588364146552 0.9998613553989386 1.1586053240722602
5 0.9999084235219368 -0.00949200254387729 0.009646060665553832 0.06687619181253185 0.009511136606802808 0.9999528868641451 -0.0019396690422650846 -0.023096184723814795 -0.009627194685773104 0.0020312371583850355 0.9999515944213605 1.4716688265610327
6 0.9999455509853344 -0.010120617881709225 -0.002543260217167139 0.06267252986390746 0.010113345309371979 0.9999447791903234 -0.002856361194392023 -0.03190095177138494 0.002572028307586843 0.002830485539298133 0.9999926864858504 1.7852252748628346
7 0.9997856359969638 -0.0099563948631004 -0.018153573804007204 0.03727911576281875 0.009899518590638123 0.9999458132972832 -0.0032202459417045126 -0.038987769240805464 0.01818465282288591 0.0030398447227183013 0.9998300244423417 2.114490257308661
8 0.9992917818574162 -0.006547840682000826 -0.03705483005718503 -0.000920916479394504 0.006415291854548689 0.9999725955910713 -0.0036948729828437184 -0.046276710815069316 0.03707800901584976 0.0034545393696853535 0.9993064032018144 2.461900876048651
9 0.9983939005138573 -0.0029444457207560043 -0.05657693458211378 -0.0440155633782158 0.0026804689270036 0.9999851683021126 -0.0047411241281872145 -0.05223240341512824 0.05659005675094312 0.00458185739950191 0.9983869851882274 2.811414844778903
10 0.9970881497374822 -0.0022489767863509984 -0.0762244288482205 -0.08834825922079279 0.0018838046234932425 0.9999864045052962 -0.0048623124177340675 -0.056904598802040934 0.07623432942426393 0.004704562846869406 0.9970788305402826 3.1648578448226745
11 0.9952374163613633 -0.0029781085259829487 -0.097435186912936 -0.13750758443011754 0.0025767568283509195 0.9999876711744974 -0.004244740186630752 -0.06296221425158008 0.09744662897347034 0.003973458133693708 0.9952328202141318 3.5406285992928788
12 0.9931290670475964 -0.003955491693761618 -0.11695729937763805 -0.1933738385524209 0.0035822576875491527 0.9999877994376456 -0.003401235038038879 -0.07228711066935745 0.11696932835384752 0.0029588948289388157 0.9931311200263007 3.9234673012824643
13 0.990939040994513 -0.00351829353290398 -0.1342662956618629 -0.2685603791847775 0.003156455904952688 0.9999907909948123 -0.0029076977925345843 -0.07982701070030734 0.13427529200030086 0.002457546233325347 0.9909410209102848 4.320593794628846
14 0.9886290809606982 -0.0028817139919257717 -0.1503470498821529 -0.35222836343528136 0.0025452936715101215 0.9999938082438994 -0.0024300102432014267 -0.08783256903567642 0.15035312450502358 0.002019701993049058 0.9886302945766196 4.732731594511988
15 0.9865107056018925 -0.0023135675953164067 -0.16368040338200637 -0.43584597463196056 0.001949944710470951 0.9999952614661678 -0.0023821749944572743 -0.09481065333921684 0.1636851422699889 0.0020308739798361388 0.9865105424883254 5.143744386491502
16 0.984316719171734 -0.0033211355688769002 -0.17637903968698093 -0.521599583106061 0.0028580398085012795 0.999991769869179 -0.0028795481691622255 -0.10244497893970754 0.17638715482414802 0.0023302896633167736 0.9843181102389909 5.571821457107547
17 0.9824878748808547 -0.006231156081628571 -0.18622230682538796 -0.6072121673118932 0.005465346452516078 0.9999743673202672 -0.004625438515211523 -0.1145668647048643 0.18624635883898127 0.003526668409877419 0.982496746704487 6.01683719386091
18 0.9809664533060971 -0.005539679191442278 -0.19409824453710978 -0.7029299488199164 0.004427722844384612 0.9999712108624066 -0.006162200066803643 -0.12186445766485747 0.19412679692207196 0.005185498897229369 0.9809627404928368 6.469713684554833
19 0.9793488117471864 -0.005250791045680312 -0.2021097057209129 -0.8146826785322966 0.003782954090670847 0.9999635967495942 -0.007648165016020567 -0.12512688196243985 0.2021425110178945 0.0067256501737908096 0.9793330239766004 6.940386756715238
20 0.9777862581045879 -0.005730857013797673 -0.20952610744659425 -0.9229844897594157 0.0037310858820759057 0.9999436531783934 -0.009938282584622862 -0.13479441269038692 0.20957126014967314 0.008935756844072468 0.9777525454901969 7.416570527614493
21 0.9759381129453046 -0.009483708260578056 -0.21784135942038477 -1.0370963058669758 0.00715963251521291 0.9999087512621415 -0.011455513951451344 -0.1453220616060579 0.21793012652667906 0.009620209193698945 0.9759169599116239 7.915477396003078
22 0.9740693221668092 -0.014866326313113775 -0.2257608176553741 -1.152437310289311 0.012388982883436095 0.9998465358891186 -0.012386192027865214 -0.16145461833093572 0.22591031288996818 0.00926806336375704 0.9741040163756454 8.429684637392107
23 0.9720778494106423 -0.015810912660134256 -0.23412532644495285 -1.2802548894850845 0.012848540530143856 0.9998170050205221 -0.014172912773705878 -0.18154552746765423 0.23430657376061578 0.01076900642617071 0.9721031114330348 8.946609808006153
24 0.9699117224961857 -0.012368525144188054 -0.24314248665292504 -1.4337801016812324 0.008093905105747931 0.9997947658994395 -0.018571881065487284 -0.18850824324252366 0.24332229683677953 0.01604511358238883 0.9698127734468109 9.474116506243174
25 0.9677995831612141 -0.009488670547164287 -0.25154309877740955 -1.5875198081987338 0.004248564120114952 0.999762677545353 -0.021366756485832875 -0.2053089995249658 0.25168614873778405 0.019610041702871086 0.9676102160618124 10.011194213008643
26 0.9653390350855198 -0.011619528555135976 -0.26074035434644693 -1.7423453336455565 0.005848202607188259 0.9997206701267437 -0.022899350140812215 -0.2250628965626799 0.2609336062619213 0.020580774816793324 0.9651373406688967 10.565044663249664
27 0.9629428829776433 -0.013323501831267865 -0.2693761066288318 -1.9027091969501448 0.007065814152022629 0.9996824905564531 -0.024186614728508336 -0.25131850833997843 0.26961283255919605 0.021386967677785463 0.9627312811710781 11.129230430442176
28 0.960739194757459 -0.013179904488906916 -0.2771398349063213 -2.079357409167395 0.006072337541149694 0.999630666654517 -0.026488808742552515 -0.2733085111321441 0.277386603006431 0.023765950840651712 0.9604643948360516 11.700439316914212
29 0.9582583008696381 -0.012485233241638942 -0.2856311362377246 -2.2682484160380603 0.004127826039597182 0.9995460801477787 -0.02984283337456413 -0.2951446226027701 0.28587408258416575 0.02741810786932631 0.9578748655508152 12.28747037466018
30 0.9561199370109644 -0.01369953462775652 -0.2926550647897507 -2.4609030457650665 0.0036402812060274026 0.9993845498801769 -0.034889393845216964 -0.3240928158433208 0.2929529240253245 0.03229309906080227 0.955581363319083 12.880638660674819
31 0.9541548902122206 -0.014619642552917032 -0.29895603290583855 -2.6617173005604156 0.002183922999450012 0.9991198830063952 -0.04188901825268751 -0.3607694508983872 0.2993053245672696 0.03931571546228543 0.953347050732184 13.493296104750575
32 0.9529054763168985 -0.015185268654869853 -0.302887039754574 -2.87010280460097 0.00011333039009346763 0.9987633615757948 -0.04971654370082973 -0.3953122005682878 0.3032674426070943 0.04734084132625539 0.9517287980193818 14.109785854292166
33 0.9517218354301076 -0.015471728176884086 -0.3065716418391934 -3.080088626899107 -0.0025394889156548097 0.9982979438041941 -0.058264623729645096 -0.43747755300539115 0.3069512996814514 0.05623025087767305 0.9500626613739231 14.731366697123454
34 0.9502518527578633 -0.014919251072374596 -0.311125103792506 -3.3053538157314284 -0.006299514972185513 0.9977274538783838 -0.06708385702792624 -0.48170083776232475 0.31141890419907836 0.06570649771775118 0.947998377819094 15.37275159307348
35 0.9490204411335158 -0.014426917878385053 -0.3148842076661019 -3.5355878150006115 -0.009342157257322075 0.9972259323667108 -0.07384554080929841 -0.536933089701803 0.3150760668322385 0.0730226266011569 0.9462530159757849 16.017645978656635
36 0.947262275204303 -0.013152928312065038 -0.32018928818946485 -3.774564851002272 -0.013285633111338707 0.9966864420021447 -0.08024729445292891 -0.593826635852519 0.32018381510337784 0.08026915329346256 0.9439487220027509 16.67828541944198
37 0.9456107083939894 -0.012130980648193512 -0.3250741842056034 -4.022266617370525 -0.01677639815694455 0.9961560278207038 -0.08597511667150795 -0.6605199477296652 0.32486757641263625 0.08675256614138296 0.9417722932431893 17.34857548130875
38 0.9440002184191052 -0.010354869447848447 -0.32978229485467314 -4.277402623563723 -0.020913073165873694 0.995619832939839 -0.09112514260694486 -0.7310202314824558 0.329281388182024 0.09291891705387163 0.9396487878812545 18.023261090573378
39 0.9420542560801968 -0.007973470314911876 -0.33536577045678295 -4.545501217484107 -0.025106567800147965 0.9952378528471633 -0.09418745408138951 -0.8032553372607687 0.33451971617664367 0.09714957674199472 0.9373678688825082 18.72031666415787
40 0.9403198189386064 -0.007242641237126407 -0.340214902403544 -4.812834955731881 -0.026844169220937075 0.9950790815312149 -0.09537825786348168 -0.875202225922483 0.3392315291880561 0.09881885388870083 0.9354981593607462 19.415589751207634
41 0.9379458028643282 -0.006855108890662471 -0.34671411255412427 -5.091941532741208 -0.027652663830262283 0.9951423701417696 -0.09448276737190045 -0.9584689553317381 0.34567759957567706 0.09820728519994296 0.9332000475856252 20.13234120301204
42 0.935592817352947 -0.007120648361780443 -0.353009028035215 -5.374003466508213 -0.02760292672879503 0.9952616389643456 -0.0932327648538012 -1.038066997827364 0.3520002278441377 0.0969719887586528 0.9309630903552041 20.85573918261642
43 0.9331155365606957 -0.007273359690021338 -0.35950311677444535 -5.6613332033317665 -0.027483974573638985 0.9954279544090485 -0.09147578217866403 -1.118397646580793 0.35852479481339755 0.09523804935300885 0.9286493892499079 21.579066326731343
44 0.9303121492879316 -0.007241154934414689 -0.3666972426493276 -5.956500208738699 -0.027220474418989057 0.9956845766314072 -0.08872017603988223 -1.1982144497226228 0.36575723187911935 0.09251913180118476 0.9261003511331476 22.30141056908573
45 0.9261347701690429 -0.004801832255675598 -0.3771622024341664 -6.279818649422038 -0.028669314193648782 0.996130346902878 -0.08308069823767707 -1.2750180962930135 0.37610166184668165 0.0877569062291886 0.9224132849728143 23.081352763280304
46 0.922910961867128 -0.0020708220107656886 -0.38500787667193953 -6.601857156229559 -0.030080341484116042 0.9965410906894299 -0.07746630009818185 -1.3531454029420884 0.3838365951190084 0.08307566706752599 0.9196564058515614 23.809474160950373
47 0.9191507126938531 0.0005279991478587284 -0.3939056808112552 -6.943766365996957 -0.03212862643072919 0.9967676863513101 -0.07363376159147235 -1.424034550746479 0.3925935825479103 0.08033617400644734 0.9161966935366715 24.562457930170236
48 0.9154703987008131 0.0010808607005061122 -0.402383868364732 -7.285497182862115 -0.03282517970182285 0.9968640916665615 -0.07200340522100285 -1.4938366752882581 0.401044210941793 0.07912530994857038 0.9126350472549787 25.30868662740387
49 0.9112310245656746 0.001603589950520854 -0.41189251619935263 -7.640019253913749 -0.03392407691402352 0.9968872042238373 -0.07116922863152358 -1.5656658809113548 0.4104962599706208 0.07882468358696736 0.9084489491606451 26.07606154946163
50 0.9075076543507582 0.0011765603315633244 -0.42003389078567194 -8.002684209416099 -0.033807799225509555 0.9969562733571034 -0.07025113358380357 -1.6301269877353768 0.41867277520134133 0.07795386395039633 0.9047852264200961 26.834589578286792
51 0.9033354113747862 0.0014719224381377126 -0.4289323539540534 -8.385443417607664 -0.03427224138952869 0.9970446324937888 -0.06875619486649345 -1.697950370618707 0.42756350503709545 0.07681037977912447 0.9007161697247581 27.61623645612269
52 0.8993831272344623 0.0009852834073211132 -0.43716017179043215 -8.772869193722352 -0.033476941930015686 0.9972162878549985 -0.0666255930022481 -1.767745138713708 0.43587760637533646 0.07455672087601098 0.8969124881772229 28.40019342433396
53 0.8956470925979944 0.0011664069924446816 -0.4447638935762446 -9.173291351257136 -0.03248234234839858 0.9974976726334118 -0.06279562544329567 -1.8351151303174011 0.44357771134941465 0.07068969337202971 0.8934437784119604 29.185711326876113
54 0.891601843815445 0.0027752062277041616 -0.4528117116569971 -9.588474791182362 -0.03226934369929595 0.9978282327449011 -0.057423927476224636 -1.8947474417942762 0.4516689548037503 0.06581121727972557 0.8897550466368863 29.99297893956646
55 0.8879318322739888 0.0025325606980420787 -0.45996808925188365 -10.008156753419252 -0.03050887511266196 0.9981070630602895 -0.05339943126778646 -1.960107796263254 0.45896216953040797 0.06144816470089176 0.8863282993250682 30.79438664703147
56 0.8838475888175602 0.0017548004256147049 -0.4677716922226652 -10.445130480964805 -0.029272932262484935 0.9982404755385149 -0.05156596244555902 -2.021361916268305 0.4668581568200688 0.059269501468888035 0.8823438059671793 31.614291008097464
57 0.8805288022988795 0.0013574270912405954 -0.4739906974145248 -10.894063499125627 -0.02871048660874999 0.9983125041962266 -0.05047625157534822 -2.079464928725942 0.47312233068432064 0.05805429773413309 0.8790818864882622 32.43516660548991
58 0.8775977924848625 0.0010437147963052883 -0.47939651721031395 -11.350687955074154 -0.027988340425790292 0.9984034808397239 -0.049062636450888895 -2.13251864709015 0.47857995259527486 0.05647477516549255 0.8762259031023163 33.2575338470108
59 0.8742297216777218 -0.00019218405909298604 -0.48551246340676674 -11.826443485083532 -0.026358714393321374 0.9985063179336852 -0.04785761451601633 -2.1911984915178824 0.48479646823705297 0.054636034154145405 0.8729188351667866 34.10081979359929
60 0.8715308283258849 -0.0014741842358207812 -0.4903384925716812 -12.308878791239007 -0.02506845754016684 0.9985538134758067 -0.04755895364472061 -2.248066797273758 0.48969949101626664 0.05374112471197334 0.8702334771380419 34.94590879635747
61 0.869783662038248 -0.002311066343829751 -0.4934278421499509 -12.800046724273285 -0.024485206695185086 0.9985549602093936 -0.047837915245994754 -2.305452348611912 0.49282538463927705 0.053690320574602005 0.8684702035797797 35.79460803649886
62 0.8679519721276612 -0.002393792502217203 -0.49664236525349303 -13.308629838430306 -0.024697054438761214 0.9985431909818823 -0.047974485791346715 -2.3600384830056638 0.4960337019550879 0.0539051538483552 0.8666284127264208 36.662596491435835
63 0.8677432104232842 -0.0024990968045848286 -0.4970065094145821 -13.822992515567169 -0.024199825746624194 0.998588837809966 -0.04727262924405013 -2.4176095617918913 0.49642330031857573 0.05304797474269194 0.8664582067907404 37.53733890109675
64 0.8671088504081386 -0.0025750805529097353 -0.49811204121682484 -14.343889479890128 -0.02338132929849882 0.9986739863378379 -0.04586482848307853 -2.4756310697224886 0.4975696523162299 0.05141632110200526 0.8658988439059241 38.436393253371754
65 0.8666967900395863 -0.004052386251639671 -0.49881885228133954 -14.872764139079505 -0.021398951590587835 0.9987444629140133 -0.04529440036813826 -2.5353351619307194 0.49837612597873965 0.04993071260314377 0.8655219037479916 39.33562077769794
66 0.866422826320515 -0.006061144601575382 -0.49927421688089185 -15.407220144418742 -0.01938322589796578 0.9987643072418281 -0.045761874568522536 -2.5942129983128757 0.4989346455578249 0.049326678351789756 0.8652347098615724 40.24289467714683
67 0.86508811759251 -0.007915002047017288 -0.5015574708735977 -15.948466862533056 -0.017486015505237925 0.9987919875412826 -0.04592172591788404 -2.6551465963370102 0.5013150626698224 0.04849658185393896 0.8639046790105741 41.16621396609955
68 0.8638796193063683 -0.008813822847845572 -0.5036212017814534 -16.491496633814556 -0.015677992371466856 0.9988919368959308 -0.04437453078818771 -2.7149111765057716 0.5034542759180816 0.04623002281212439 0.8627842036207588 42.08395401942938
69 0.8613596354989524 -0.008400179941579737 -0.5079261858188975 -17.04253566535435 -0.014443838121323273 0.9990540460950135 -0.04101692996665906 -2.775643637675512 0.5077902696864107 0.0426667321026747 0.8604234986508813 43.013994994178326
70 0.8585196487929949 -0.008554331861768077 -0.5127093044651211 -17.599952967128544 -0.012058009140662669 0.9992475837964919 -0.03686286358642911 -2.8355041695940844 0.5126388799688506 0.037829746782777805 0.8577705369974632 43.934750901325955
71 0.8549347928220672 -0.009523309144454912 -0.5186480515129688 -18.154698368799792 -0.010293313296681756 0.9993231576082509 -0.03531677201573494 -2.892810847861584 0.5186333502929934 0.035532144628780876 0.8542581108263508 44.83780910164258
72 0.8493824065219712 -0.012332886006354404 -0.5276337953360235 -18.72383172184561 -0.008496200432836054 0.9992778800333062 -0.03703421480547872 -2.9507948702530267 0.5277095285729607 0.03593909354977877 0.848664268382501 45.74183341897044
73 0.8439708570175 -0.015309642421899777 -0.5361704969141861 -19.29632608787327 -0.007323592053369965 0.9991705224929814 -0.04005785801303728 -3.012281127484968 0.5363390365623624 0.037734359332419566 0.8431586811329885 46.63095671025993
74 0.8374718478118035 -0.015576137708745736 -0.5462584390816901 -19.894069706664435 -0.007279481671640658 0.9991870628744898 -0.03965126150599732 -3.0661912442202413 0.5464319885320084 0.03718329410757845 0.8366776501908477 47.5316706352356
75 0.831413851393204 -0.013012570937314715 -0.5555012823878993 -20.50260375314233 -0.007696563125547459 0.9993601485668057 -0.03492930551561383 -3.1185236018778393 0.5556003740280981 0.03331615963806617 0.830781718533878 48.421381669971055
76 0.8264210168148214 -0.009986267323764448 -0.5629640941516955 -21.117871514322715 -0.008886837325454883 0.999486819598647 -0.030775340553036146 -3.175140850040958 0.5629825327836109 0.030436359050304913 0.8259081679828202 49.30029545565067
77 0.8219139617591282 -0.00951523147704071 -0.5695321707982812 -21.73754116446048 -0.010438678500006893 0.9994409413436502 -0.031762222456074095 -3.2230557275114653 0.5695160039097731 0.032050977821430966 0.8213551377780628 50.17464796977137
78 0.8185755283632878 -0.011955004299498135 -0.5742744778257327 -22.361012866268766 -0.010726286955073279 0.999290900184667 -0.03609215417786738 -3.276987946745952 0.5742987519386362 0.0357039875482351 0.8178668443780425 51.04206870151177
79 0.8158533935695236 -0.014087340020105775 -0.5780871738946433 -22.988551052174618 -0.012874340063242328 0.9990129029492294 -0.04251436377418807 -3.3384764178726187 0.5781154702863974 0.04212797941209173 0.8148667024604128 51.90243685753294
80 0.8122975221320248 -0.015029226416909427 -0.583049613119804 -23.621828560316732 -0.013064895702598209 0.9989482267077477 -0.04395166521928661 -3.396233850821603 0.5830969469583543 0.04331931173161452 0.8112468145967943 52.7707912010707
81 0.8093419371348631 -0.014217903436888363 -0.5871656268870328 -24.259258647094228 -0.0119553181323187 0.9991010348946031 -0.04067176487657653 -3.45819534303418 0.5872160630991613 0.03993711739849093 0.8084443880032377 53.63315921434912
82 0.8056448557490826 -0.012194987092214329 -0.5922732831779398 -24.906491706343452 -0.010907445521010044 0.9993132397748531 -0.03541294199139822 -3.513841192614327 0.5922984043036057 0.034990443622559354 0.8049585553464121 54.50071941807959
83 0.8024286429330507 -0.011009623220938847 -0.5966465070499605 -25.55702530662638 -0.010668764047836881 0.9994053221316541 -0.032789931179691596 -3.568784536364339 0.5966527099299059 0.032677061267191096 0.801833997909988 55.35989015749011
84 0.7995957444483718 -0.01037788543081464 -0.6004489470806654 -26.20904979490921 -0.011864472761247278 0.9993825362640204 -0.03307235276061006 -3.6184845523126246 0.6004214233460687 0.033568523193318066 0.7989788955416293 56.208851876886364
85 0.7956668918551046 -0.011830970769906291 -0.6056188721660659 -26.87187970269206 -0.011352104091278147 0.9993423959117855 -0.034436978452176414 -3.6694324808731342 0.6056280483215063 0.034275412578865974 0.7950093522547278 57.060904828113884
86 0.7917106147256504 -0.013810176118113408 -0.6107401857137638 -27.5322967878319 -0.010618611794976068 0.9992823033468208 -0.036361013709740486 -3.725717640560181 0.6108040223337944 0.03527261395380646 0.7909957623842073 57.90843793094642
87 0.7876951256645359 -0.01505705035109009 -0.6158812117675234 -28.203461157507647 -0.009658592189690816 0.9992765861445573 -0.03678336573235599 -3.7791487623849154 0.6159895346491796 0.034922623845455546 0.7869798668090847 58.75006091740303
88 0.782756928105701 -0.015733407080554488 -0.6221286394608346 -28.890711483483127 -0.008484982440256455 0.9993176363561108 -0.03594811195324278 -3.8339193989624696 0.622269718777666 0.03341738473706121 0.7820893061819028 59.60000270075976
89 0.7782008120012378 -0.016015394729961538 -0.6278112740628439 -29.573757998535328 -0.007979757623208043 0.9993419182280817 -0.03538437440578547 -3.888513781240895 0.6279648287319398 0.03254593115413175 0.7775608938991344 60.437263150356394
90 0.7725178819267271 -0.017017847106128327 -0.6347649228948923 -30.27253591360468 -0.007630489861254641 0.9993198503942224 -0.036077863616503246 -3.9459219472567075 0.6349471665702257 0.03271436254917796 0.7718626003262566 61.27816364340834
91 0.7669798804464893 -0.0184231900832126 -0.6414066114908041 -30.979710681175746 -0.0067978069946580694 0.9992983646311387 -0.03683162057472559 -4.000974647621395 0.641635145208428 0.032609270744271314 0.7663165035934231 62.109379394105716
92 0.7617863313260348 -0.019843300863434405 -0.6475243786029204 -31.688913021075233 -0.005904898596853191 0.9992765678745151 -0.03756957646717331 -4.0568490090243445 0.6478014545155794 0.032443556064060936 0.7611180585963979 62.93098854908387
93 0.7556205526406627 -0.021075700905769698 -0.6546704416464599 -32.416575476331204 -0.0053412253760840465 0.9992507240139155 -0.03833356067586483 -4.113260463058943 0.6549878310289823 0.03246236911609268 0.7549418148991066 63.76126650211906
94 0.7499744003043608 -0.023118707111712725 -0.6610627171692706 -33.14838372614908 -0.003944293861769207 0.9992149696615397 -0.03941937279888411 -4.171507083632605 0.6614550994901888 0.03217094652305023 0.7492944613401189 64.57811177263522
95 0.743330770689183 -0.02397499955327151 -0.6684942455492084 -33.89892828507464 -0.003123630332945973 0.9992221965977096 -0.039309601372626755 -4.230119041883081 0.6689167479296337 0.031308165603032394 0.7426777171265991 65.40351570111919
96 0.7369971932666886 -0.02427818286530978 -0.6754596200956249 -34.654023054847094 -0.002084540257204566 0.9992682698303247 -0.03819135505378892 -4.288940688687658 0.6758925945398934 0.029554944646574488 0.7364073020200906 66.22239288865096
97 0.7309026369359919 -0.025164310630553497 -0.6820176567082128 -35.41522680740675 -0.0007369909904368481 0.9992903202539402 -0.037660492393758856 -4.347678112473084 0.6824813549592649 0.028028794442745246 0.730365384959827 67.03102439741133
98 0.7240776072349422 -0.02652386019532805 -0.6892083100498115 -36.194243861224024 0.00021319334551838992 0.9992688511627432 -0.038232416071728524 -4.407562819773763 0.6897184796177094 0.027536302088143328 0.723553854143908 67.84106960913145
99 0.7175925613225218 -0.028200617664655304 -0.6958919686549777 -36.98222709108098 0.0009041184379740256 0.9992167732438313 -0.03956036691246062 -4.469032772768081 0.6964625665062103 0.02775905662242049 0.7170560210319878 68.6426547751953
100 0.7118900489597944 -0.027886329454334623 -0.7017370601727504 -37.77611639577852 4.264252854352723e-05 0.9992130544034986 -0.03966446879813793 -4.524933587794302 0.7022909401042353 0.02820681715380871 0.711331020075372 69.43284626509526
101 0.7060993132152228 -0.02764795877749272 -0.7075728520143701 -38.58771948425011 8.00635654100997e-05 0.9992405808893637 -0.038964792926341765 -4.584476177946447 0.7081128171329114 0.027456363069559356 0.7055653022149629 70.23317589229391
102 0.7014962070624311 -0.02760767480709785 -0.7121382438204314 -39.40404403560716 -0.0002889599010445763 0.9992382939246173 -0.03902240960718307 -4.644307859595811 0.7126731343411229 0.02757985207373998 0.7009538963515112 71.02661444566452
103 0.6960701998622647 -0.028258310198682347 -0.7174174065221938 -40.23404984495271 -0.00027354103045355025 0.9992146470359928 -0.03962340619455909 -4.7060607183207654 0.7179736837815732 0.027776915710810694 0.6955158099883093 71.82206769881114
104 0.6908579861826405 -0.030043017462819246 -0.7223660085579542 -41.06902752450719 -0.00046029362591726286 0.9991177875545331 -0.04199326988231861 -4.769886310828622 0.7229903455415002 0.02934388668941727 0.6902346747908997 72.61022901695642
105 0.6863386505120423 -0.03229667200744663 -0.7265646371641051 -41.90730154832508 -8.46455218916428e-05 0.999009952915248 -0.04448715323247195 -4.835781022317694 0.7272821037576523 0.030594753522307085 0.6856564098968136 73.39630979397754
106 0.6806885632217603 -0.03279241470228162 -0.7318385938794171 -42.76629457479582 -0.0004800241813635913 0.9989774389270295 -0.045208915970319515 -4.901985392619931 0.7325727666291656 0.03112449264400002 0.6799767771806671 74.18199538051917
107 0.6757352827139851 -0.03287115218825372 -0.7364110978168373 -43.628092176315526 0.00046352113527734195 0.999024007338616 -0.044168064251401386 -4.966978496798769 0.7371442341180658 0.02950457762265461 0.6750910072551778 74.96456875857761
108 0.6711153796019708 -0.03336856812738454 -0.7406015634300166 -44.49286192751629 0.0018228545194709255 0.9990577739044199 -0.043361752627406935 -5.034419218336834 0.7413506819478317 0.027750730495293262 0.6705438639730749 75.73935155067363
109 0.6657375854625751 -0.034026980019810776 -0.7454097005289846 -45.37570990811586 0.0022978723378560112 0.9990484756344479 -0.04355299189004695 -5.10498161531787 0.746182414944755 0.027282007648921785 0.6651823103397856 76.5159167271745
110 0.6612179737467085 -0.03506870517498605 -0.7493737163257264 -46.26026458485567 0.003272637349615908 0.9990321332483257 -0.04386441117172964 -5.169978902774195 0.7501867037167557 0.026551508971698008 0.6606927707674483 77.28668488919071
111 0.6565246029380563 -0.03580396528994447 -0.7534543856861797 -47.15818186857852 0.004281618614798717 0.9990336405919065 -0.04374303020244072 -5.240084161946853 0.7542924651509579 0.02549237150903455 0.6560434638989792 78.06390771801378
112 0.652466975923378 -0.03703542845055026 -0.7569116274592831 -48.06117149528844 0.005956697963509912 0.9990248745989303 -0.04374720176734438 -5.305777003911905 0.7577937533918642 0.02403491077385381 0.6520513484302307 78.83246423514547
113 0.648879349960576 -0.03962993729400167 -0.7598585701323222 -48.96538762536019 0.008669528546465051 0.9989629731512233 -0.044696952051759574 -5.377239151480811 0.7608419271821145 0.022415313892524366 0.6485500182955193 79.5991949222358
114 0.6440036414154036 -0.044092081025341186 -0.7637507364798135 -49.88226216127372 0.012025254821769457 0.9987978159389128 -0.04752174333397547 -5.451204937916502 0.7649279135293799 0.021419878781053912 0.6437596497842384 80.36729159205905
115 0.6391391579958464 -0.048348217190264935 -0.7675699158715302 -50.80189036798978 0.016408950817646248 0.998652156385208 -0.04924039844500347 -5.52233707992248 0.7689160506675872 0.018876450031773767 0.639071042655691 81.13710888247513
116 0.6328303234684693 -0.05215290563849592 -0.7725320997489876 -51.73268130915007 0.021911820292588594 0.9985356774550415 -0.049460822179358814 -5.598377790370983 0.7739804027924644 0.014372723743553927 0.633046421635327 81.89779090280078
117 0.6241643021336803 -0.05553236808876636 -0.7793170528529317 -52.674580960159595 0.026611986280822043 0.9984031072037032 -0.04983008784405594 -5.676730779846755 0.780839763590726 0.010362987429039357 0.6246454060615629 82.66056488181896
118 0.6154517366566522 -0.056909305808544364 -0.7861173445536566 -53.63053264794015 0.029671227844535422 0.9983557887163156 -0.04904423832932352 -5.755253972821011 0.7876158889683857 0.006859294916403012 0.6161283737419688 83.41053467952585
119 0.6060581848648721 -0.05597324238469457 -0.7934484615569841 -54.60627876325291 0.03055298613249092 0.9984230070927586 -0.047095794768301835 -5.826259867037654 0.7948333172873367 0.004300572126162154 0.6068125859100839 84.14997555142385
120 0.5969442023351965 -0.056017727826016904 -0.8003246976903321 -55.59363048799048 0.03065600380791513 0.9984235260386186 -0.04701778409993213 -5.906980358086988 0.8016968501836327 0.003532236709613678 0.5977204158345594 84.87732552614057
121 0.5879869594367623 -0.05705125289010942 -0.8068559215643217 -56.59148881318973 0.02960902896634318 0.998359079107462 -0.04901483965050194 -5.976928963119299 0.8083283070543793 0.004929866252568194 0.5887113523683043 85.59060091105009
122 0.577387011652035 -0.059388125108888634 -0.8143078516473253 -57.600792925428834 0.030780097697102837 0.998225407456623 -0.050976675345400436 -6.057870131037513 0.8158902105244306 0.004368795074555328 0.5781903580843023 86.29930609007926
123 0.5676509696566436 -0.060473500979088206 -0.8210452606426949 -58.6191556436742 0.030620793093741668 0.9981593208500219 -0.052348229818628314 -6.133068532213678 0.822699674937304 0.004574466428709157 0.5684578537444269 87.00065530416113
124 0.5579754197759553 -0.06153401166141587 -0.8275729477512674 -59.63830159258813 0.033639927608761507 0.99810456812303 -0.051532769122700044 -6.215224788307359 0.8291753721964226 0.00091452445093263 0.55898781591543 87.69204534960085
125 0.5471465962628216 -0.06140449576389315 -0.8347814548798199 -60.6793427441877 0.03493189167132634 0.998111810612707 -0.050523028311329585 -6.296105630596072 0.8363075851718064 -0.0015169923847196329 0.5482584559082316 88.37410041762315
126 0.5367658119216447 -0.062059169519811413 -0.8414458448148748 -61.728194001042056 0.03542104619528159 0.9980695341034085 -0.05101523801826975 -6.376005912679805 0.8429874404231725 -0.0024216565050287635 0.5379278053920764 89.03658741552378
127 0.5270487442875027 -0.06271519675589121 -0.847517794618217 -62.7894059323612 0.03459273663682222 0.9980299616825569 -0.05234059691089298 -6.456530061168187 0.8491307178346851 -0.0017319140054842621 0.5281799292103496 89.68719975072733
128 0.5166750655436974 -0.06307758100019707 -0.8538548367222372 -63.862114107850964 0.03328344265064559 0.9980083578325234 -0.05358665945582412 -6.538625078491647 0.8555343952951692 -0.0007323377173225929 0.5177454736114504 90.32872387046875
129 0.5071534244243617 -0.0637821591660583 -0.8594924239799407 -64.94704198282948 0.032248603191416446 0.9979638267897506 -0.05502933709832403 -6.623833202236091 0.8612522535817504 0.0001908866167719501 0.5081776586198871 90.95650180564722
130 0.49727433195480575 -0.06358845205557767 -0.8652599227923959 -66.04361433832074 0.031370174916101654 0.997976140632127 -0.05531306162069232 -6.711026873996918 0.8670260455669465 0.0003624106276444126 0.498262700379378 91.57395551928626
131 0.48848678349965285 -0.06195329369572639 -0.8703691389554534 -67.15178071896428 0.030792064693072333 0.9980789043562495 -0.05376196949699309 -6.794927203777626 0.8720278229720401 -0.0005384513041351564 0.4894560243780642 92.18783207389065
132 0.48089517208732624 -0.06079199601509122 -0.8746680243721855 -68.26296245485459 0.03202002303409504 0.9981456071702663 -0.05176934367646793 -6.879803338609157 0.8761932233588364 -0.0031112629032738134 0.4819499655302184 92.78855808334973
133 0.47283630043160213 -0.06102063733307762 -0.8790348689685344 -69.38444083682174 0.03221695281888966 0.9981294523892738 -0.051958292474124645 -6.964163343505799 0.8805611359547656 -0.0037520581703591465 0.47391773750723304 93.3855675012584
134 0.46537498404248 -0.06370905720777305 -0.8828177989798348 -70.51138680838788 0.033891762603386395 0.9979573564901114 -0.05415222048529356 -7.052377840742113 0.8844645193511722 -0.004719162592607453 0.46658360199037663 93.97012706289772
135 0.4590008409359695 -0.06693454760990411 -0.8859108195545858 -71.63477034959588 0.0365656218788706 0.9977362697851415 -0.05643838387894623 -7.140857163166653 0.8876830497209927 -0.0064886144740836 0.4604092911200724 94.54562124278884
136 0.4524503720198214 -0.0696684642089688 -0.8890640875148202 -72.77086662198298 0.03792989956516336 0.9975450193200632 -0.05886643413485714 -7.23135609222595 0.8909826020365652 -0.0070879716190419325 0.4539821338475596 95.12203976092975
137 0.447743302528848 -0.0728011234562129 -0.891193535184915 -73.91320481544034 0.03977739528349525 0.9973150337177993 -0.06148562644302042 -7.328317353329891 0.8932769489341907 -0.007919580186244633 0.44943696682297474 95.68534349100275
138 0.4427336838412228 -0.07317876484636769 -0.8936619826236196 -75.0503294593463 0.04135365900880469 0.9972699825150496 -0.06117562237918525 -7.426101656566381 0.8956990419739527 -0.009871684365653692 0.44455122373405065 96.25407898199396
139 0.43821869792307966 -0.07123190969703132 -0.8960415020417535 -76.19269357013351 0.04348941886966368 0.9973678266641174 -0.05801800319269873 -7.521920069165898 0.8978157144009172 -0.01354375055188431 0.4401630656168847 96.81062032537876
140 0.4345976039166652 -0.06962942192291204 -0.8979290906120679 -77.3338439312551 0.0473236652021774 0.9973951049834062 -0.0544378101909925 -7.617268499087522 0.8993805686315293 -0.01883475399840962 0.4367606431486282 97.36701276335141
141 0.43088627544068225 -0.06888478196650424 -0.8997732435959431 -78.46712201359328 0.04843290619495925 0.9974104630837992 -0.05316598197810029 -7.708161706878442 0.9011055904517916 -0.020670141377927147 0.43310677062342673 97.91223411759545
142 0.4280439209146537 -0.06855397117208697 -0.9011541156788423 -79.60405458677297 0.04921359876155976 0.9974075210229644 -0.05250008204430235 -7.796534976074652 0.9024169975231499 -0.02187669634569318 0.4303080145977387 98.45011915625885
143 0.4260929346989378 -0.06805666080335988 -0.9021158946012258 -80.74255111748212 0.05140444248753475 0.997376707338984 -0.050963583664496444 -7.88528194198161 0.9032178077732336 -0.024657541961980934 0.4284735838575797 98.98272929024844
144 0.42317870454262957 -0.06750550511685316 -0.9035279609018 -81.86772020733684 0.0529851840994217 0.9973577714428332 -0.04969955651292245 -7.970261714893169 0.9044956430632184 -0.026841801694290065 0.42563736222470233 99.50663677657985
145 0.4216105593397455 -0.0680743547588286 -0.9042181173741777 -82.99631941474193 0.05474783589040724 0.9972698869170457 -0.04955246735647953 -8.058598122186753 0.9051227677929994 -0.028612141925284187 0.42418643936311734 100.03037622629373
146 0.4189497628709288 -0.06835404546531311 -0.9054329383965024 -84.1031233191886 0.05686030858028847 0.9971804118647836 -0.04897071989464637 -8.140292528409761 0.9062273531514378 -0.030966925115851206 0.42165513013474804 100.53908475957499
147 0.41651464784751335 -0.0678803997870455 -0.9065912997010395 -85.2153909416647 0.060133126117852397 0.9970818872122326 -0.0470288979307224 -8.223352381140574 0.907138120361703 -0.034927944466608095 0.4193810726983174 101.04363083140122
148 0.4148473044519813 -0.06770435378043617 -0.907368623926149 -86.32153191889608 0.06256466414121666 0.9969900718114268 -0.045787109681975594 -8.304658281087397 0.9077375121470938 -0.037774554569304876 0.41783454494320094 101.5434662970776
149 0.41314351412087835 -0.06834188487946923 -0.9080979070049483 -87.40442630956572 0.06409222936511093 0.9968894508363488 -0.04586511580176439 -8.384516353317157 0.9084077482446603 -0.039253144629032115 0.4162385956019987 102.02594996721939
150 0.4120591004485541 -0.06943992991044066 -0.9085072256481409 -88.48245593104525 0.06540922734146595 0.9967735735295398 -0.046519630173133236 -8.463778031321091 0.9088063297147587 -0.04025591911582021 0.41527163515405635 102.50738236626431
151 0.4121049121929141 -0.07054093847442994 -0.9084016196218759 -89.55750572648238 0.06579515287654394 0.9966995972211335 -0.047549034225709205 -8.547022804814667 0.9087576978588154 -0.0401732332751247 0.4153860527580814 102.98642538743304
152 0.4125070595547814 -0.07096360178281767 -0.9081861473462965 -90.60544239416524 0.06484073571111902 0.9967197212569505 -0.04843011613303085 -8.626385124199182 0.9086438350730097 -0.03890969355804597 0.4157552544948368 103.45195543486419
153 0.41529054371570523 -0.0707404821694345 -0.9069341396772004 -91.65426729922382 0.06293410215279718 0.9968173441796702 -0.048933434672310344 -8.705962657685292 0.90750927116452 -0.036755493482194736 0.41842080650948504 103.91773189360842
154 0.4191394802006762 -0.07053790431304759 -0.9051775988574804 -92.67757729951167 0.061010887389819426 0.9969121277343804 -0.04943562579130995 -8.784890362629845 0.9058696274081076 -0.034505266413136976 0.42214881208733707 104.38395107079143
155 0.42460746167274677 -0.07089975875965136 -0.9025972042149943 -93.69973060393579 0.059876757873742824 0.9969455535132719 -0.05014316601993329 -8.863351033008549 0.9033954235982161 -0.03275343215138127 0.42755576951456936 104.85549901633635
156 0.4313712854819002 -0.0709334059521002 -0.8993815938929505 -94.71885371887936 0.05930151446977655 0.9969776864529698 -0.05018787701066992 -8.940763604032115 0.9002233935858505 -0.031685081911349756 0.4342740055207186 105.33423928939393
157 0.43785438264922516 -0.06982434542568741 -0.896330344193742 -95.72092367290668 0.05831602771380917 0.99708574117704 -0.04918603010206169 -9.017033268598468 0.8971526036973321 -0.030734106665784144 0.44065024103109307 105.81274253758151
158 0.4457826395337907 -0.06903589345938578 -0.8924751365498045 -96.71967372760123 0.05758790442212722 0.9971679957053299 -0.048369634179881583 -9.090036782486537 0.8932868997378812 -0.02983342997231024 0.4484958145315753 106.3011104547945
159 0.4550741903256092 -0.06864846795176652 -0.8878033875465848 -97.71613332137366 0.057418634960534544 0.9972111412120639 -0.047676410392333224 -9.16340794928245 0.8886003574152415 -0.02928015506854429 0.4577467549014081 106.79926705500436
160 0.46406688265367785 -0.06835148052694111 -0.8831590963474618 -98.69284699113473 0.057126666825500605 0.9972522882802948 -0.04716372932543888 -9.234683531940595 0.883956156013452 -0.028564810897920567 0.46669645380071006 107.29867886255941
161 0.4742446261457096 -0.06911831625271055 -0.8776757254344856 -99.67055374116092 0.05687166743830298 0.9972363871824689 -0.047803780484178736 -9.306995761291097 0.8785543018149425 -0.027244196244528084 0.4768648724117667 107.81075696015272
162 0.4846241350925246 -0.07013018818430661 -0.8719066410141568 -100.62376733590828 0.05488547141089587 0.9972546897892087 -0.049705820871498274 -9.380131573400453 0.8729988807310538 -0.023766366806053558 0.4871428208344832 108.33317979931374
163 0.49643485823011935 -0.0704589886548547 -0.8652097716152101 -101.57194629127724 0.05300493935912866 0.9973011192509725 -0.050803089005033726 -9.453905912171889 0.8664542231265092 -0.02063996739242193 0.49882971505060514 108.86741401672737
164 0.5089681888924199 -0.06910316182263448 -0.8580070642922636 -102.52318254706353 0.051087848634430666 0.997440350303824 -0.05002778446528289 -9.526797617904489 0.8592679599683667 -0.018371184351314417 0.5111957413680144 109.4153622448352
