0 1.0 1.1976249852940768e-11 1.7046379585661242e-10 5.551115123125783e-17 1.1976249852940768e-11 1.0 3.562503070320133e-10 0.0 1.7046379585661242e-10 3.562503070320133e-10 1.0 2.220446049250313e-16
1 0.9999444361656497 -0.0022844934869994805 0.010291048910422042 0.021434397365632428 0.0022740612353485024 0.9999968886828149 0.0010253125374342523 -0.009163737451190953 -0.010293359046050636 -0.0010018523780950647 0.9999465200894213 0.2901014671028223
2 0.9998510599595006 -0.004041106851123611 0.016778777646912064 0.03974522019320957 0.004020954039655905 0.9999911537350633 0.0012346548714032037 -0.01462145971362033 -0.016783618535016413 -0.0011670035693256207 0.9998584641003317 0.5726306821082812
3 0.9998078872758397 -0.0060387618799824785 0.01864730347905715 0.0539459760674673 0.006031592204372984 0.9999817126622368 0.0004407103619231785 -0.018966765269568094 -0.018649623791259784 -0.0003281520366334961 0.9998260267809508 0.8649195286607303
4 0.9998369197872453 -0.006953016466350434 0.01666701603351399 0.06362448612951152 0.006962415924295872 0.9999756340656507 -0.0005059912119672747 -0.021932691559892754 -0.01666309170338015 0.000621952128795367 0.9998609676008658 1.1623901328404345
5 0.9999075631606481 -0.009509872931204009 0.009717380298155196 0.06446417265285487 0.009529311856899834 0.9999526818589176 -0.001956078257096326 -0.023362715194806052 -0.009698318255216944 0.002048498134400582 0.9999508719262518 1.4756130916604078
6 0.9999451672434188 -0.010167764170073519 -0.002505811775770799 0.05977561569322018 0.010160507062875803 0.9999441984702029 -0.0028920623329528206 -0.032163247122679206 0.002535078145900135 0.0028664441750846283 0.9999926784130566 1.7900349598719407
7 0.999784906841212 -0.010008611522872088 -0.018165014019886544 0.03468965395948754 0.009950930767498464 0.9999451643977493 -0.0032629982154367787 -0.03917234073574656 0.018196676673186446 0.0030815382975152832 0.999829678050414 2.119475397663387
8 0.9992900533164155 -0.006528908499285995 -0.03710475215459354 -0.0027069470434660375 0.006394962181361857 0.99997260475551 -0.003727490617211755 -0.04639831191579221 0.037128073091575696 0.0034875615234432338 0.9993044296800859 2.4665029117714585
9 0.9983908630784758 -0.0029767563635307802 -0.056628820519595065 -0.04539784461832237 0.0027118514481868513 0.9999850216600142 -0.004754189011815165 -0.05233802496086281 0.05664212569535828 0.004592970625348157 0.9983839814176028 2.816646235908293
10 0.9970855849056198 -0.0022953327115711776 -0.07625659065193209 -0.08988262888227377 0.00192793443332061 0.9999861795724307 -0.004891189038812351 -0.05709096590848771 0.07626676531712369 0.004729917063295259 0.9970762300840841 3.1715333708519813
11 0.9952347903811983 -0.003041818474345951 -0.09746003827237566 -0.1394021214340502 0.0026371251312783013 0.9999873594437597 -0.004280948450015276 -0.06324161240736323 0.09747183021683208 0.004003535177761972 0.995230231815525 3.548061428504206
12 0.9931239964945596 -0.004007533169801385 -0.11699857636534168 -0.1960064018069065 0.003628815449420729 0.9999874652780573 -0.0034497795859485996 -0.0726863892655695 0.11701093729164781 0.003001493281932074 0.9931260906809746 3.9312783920386405
13 0.9909310650853235 -0.0036003888391653582 -0.13432297255549888 -0.2713545773581342 0.00322863359295996 0.9999903317628348 -0.0029853476549860595 -0.0802166983398501 0.1343324249656173 0.002524594683567105 0.9909331090052609 4.32849917250347
14 0.9886265002642113 -0.0029604268129561338 -0.15036248951601436 -0.354509862759249 0.0026097367403497386 0.9999933952512003 -0.0025295698869028417 -0.08839685663674032 0.1503689879569208 0.002108393906213903 0.988627696726747 4.741198919809427
15 0.9865109392501825 -0.0024170821108746754 -0.16367749927052624 -0.4383047644787757 0.002035243124018052 0.999994802559926 -0.0025005270023580914 -0.09551999588163917 0.16368269571578795 0.0021336743197233497 0.9865107314402243 5.153233316513424
16 0.9843164072947412 -0.003395036148616173 -0.17637937318015223 -0.5245231228368685 0.002912030602703412 0.9999912683465437 -0.0029972159842325354 -0.10316724792937007 0.17638801214305178 0.0024365873116629923 0.9843176992189997 5.58184571889844
17 0.9824948029528819 -0.00625952696988929 -0.18618479971901508 -0.6106759560771686 0.005473499568377628 0.9999738075707248 -0.004735500591348248 -0.11522486942515106 0.1862095686407656 0.0036335228771673138 0.9825033307391583 6.027466316355933
18 0.9809758181361881 -0.005585893421815358 -0.1940495841713153 -0.7069677940638084 0.004455720294538262 0.9999704782537766 -0.006260125430298822 -0.12253089483972619 0.19407882757585596 0.005276401580704982 0.9809717473964115 6.48133348628754
19 0.979360550026907 -0.0053169584247629385 -0.20205108766974222 -0.8181858264744285 0.003834271883183844 0.9999627807913232 -0.007728867010671604 -0.12569083246343343 0.20208466538251996 0.006794629234272731 0.9793444858742643 6.9524446054527465
20 0.9777943920895171 -0.005788231046986082 -0.20948656792758208 -0.9265483567297597 0.003778265411528916 0.9999429242711931 -0.009993643215083286 -0.13540327101303862 0.20953246080112264 0.008980233044023567 0.977760453448804 7.429398304059184
21 0.9759492512882894 -0.009585169064643196 -0.2177870114130002 -1.0420000885303644 0.007245942357154529 0.9999071927253137 -0.0115369945672077 -0.14600777862686737 0.21787738733964215 0.009681449684958982 0.9759281299017729 7.928478524198992
22 0.9740791702317125 -0.014977681459251343 -0.22571096121456566 -1.1580315974190367 0.012485421164325166 0.9998443527766607 -0.012465330244731725 -0.1622911841185214 0.22586253592035352 0.009324122726510214 0.9741145604035858 8.443150720572213
23 0.9721075163903384 -0.015905219096645197 -0.2339957250489306 -1.286353038155175 0.012927806652027146 0.9998148499115623 -0.014252637994350463 -0.1824671834621145 0.23417909643652735 0.01083004563575644 0.9721331504311082 8.961531800927125
24 0.9699361651661982 -0.012375345881823034 -0.24304461521185974 -1.4399355390108988 0.008059527572414966 0.99979183817182 -0.0187436476289679 -0.18901829418401056 0.24322598625654906 0.016221317568859236 0.9698340011637335 9.490365783489105
25 0.9678425213714603 -0.00949236372214906 -0.25137769876476346 -1.5939354199459395 0.004211110631200557 0.9997591433205074 -0.02153884599477387 -0.20596106377299905 0.2515216119973177 0.019787632383580424 0.9676493836769927 10.02810313003043
26 0.9653680954502348 -0.011606084927633348 -0.26063333932732674 -1.7490408255192451 0.005797413569443998 0.9997176302211934 -0.02304451800644913 -0.22580317302231961 0.26082720581278357 0.020735443869762997 0.9651627902051657 10.581307225216857
27 0.9629728748726987 -0.013299983447935612 -0.26927003379810066 -1.909893208445669 0.0070108863574794384 0.9996800217076443 -0.024304354711801528 -0.2521921478974403 0.2695071257283543 0.02151661339167316 0.9627579893934867 11.145806355012637
28 0.960781503947745 -0.013122859584855954 -0.276995831281173 -2.0862481251206146 0.005980303559928811 0.9996278727819716 -0.026614881453989398 -0.2738566117012101 0.27724202205580784 0.023914567359228627 0.9605024499538853 11.718483750859862
29 0.9583283991979754 -0.012391385092027056 -0.2853999493547447 -2.2749557471909267 0.003990983905938579 0.9995420322082225 -0.02999663126308607 -0.29586535334797914 0.2856409504296255 0.027607597725530685 0.9579389697518974 12.306661522036551
30 0.9561838978287477 -0.013621179106404507 -0.292449679707379 -2.4680415165592464 0.0035198393329218406 0.9993797505325217 -0.03503890617760099 -0.3249214292502615 0.2927455645333171 0.03247426274820413 0.9556387699164135 12.900721467631593
31 0.9542180756991037 -0.014506710657995484 -0.29875979888892995 -2.668461869834351 0.002031770739304419 0.999114531239109 -0.04202410455052922 -0.3616890863986126 0.29910489341422325 0.039493149567868285 0.9534026199916533 13.513530600668998
32 0.9529548997621816 -0.01507612171812783 -0.30273696108161324 -2.876906217400022 -4.6016220719230525e-05 0.9987551039525475 -0.04988226337027203 -0.3961638707772588 0.3031121216378746 0.04754947897931642 0.9517678765043199 14.130807674542595
33 0.951814018526245 -0.015382271373409659 -0.3062898265609336 -3.088444474581821 -0.0026741145388524267 0.9982870345301729 -0.058445237500427856 -0.43851729942794004 0.3066641887467665 0.05644805140427603 0.9501424602955286 14.755292863045632
34 0.9503449757945241 -0.014833158365306548 -0.31084465948517886 -3.3143291695193025 -0.006429626219071044 0.997714286761345 -0.06726709362182412 -0.4828882608357467 0.3111319468276705 0.06592556047197043 0.9480773883069328 15.397726533495765
35 0.949118157699462 -0.014318350997491854 -0.3145945095507362 -3.544742728621885 -0.009501772571183929 0.9972090337868207 -0.07405308390842337 -0.5383009519599911 0.3147768106479692 0.07327433315625928 0.9463331515406359 16.045175607757137
36 0.947378017959713 -0.012965281431124501 -0.3198543268234157 -3.7839200407955946 -0.013544183608895612 0.9966612746353491 -0.08051620158643596 -0.5950880988086444 0.3198303420556091 0.08061144636849947 0.9440393790547863 16.706444182343077
37 0.9457193970192318 -0.01189670133188945 -0.3247665136067488 -4.0311888117308525 -0.01710688271163153 0.9961219071799974 -0.08630469619658587 -0.6621016524958201 0.32453378596067606 0.08717576912458304 0.9418482942070189 17.378369387639214
38 0.9441280347773713 -0.010111693759846208 -0.32942374731807694 -4.2865244294039595 -0.021253858595429304 0.9955807190008336 -0.09147297653624202 -0.7328402194644973 0.32889288384670495 0.09336372858853047 0.9397407554484764 18.054074519412218
39 0.942175818594896 -0.007672635757926552 -0.33503112563031734 -4.5545337322135415 -0.025512996876971172 0.9951941890552047 -0.09453894993291022 -0.8053164316501141 0.3341463983001187 0.09761996190999368 0.9374521480699092 18.75165522485115
40 0.9404557299061787 -0.006946672851374796 -0.33984520209284336 -4.822574571515153 -0.027243877107004773 0.9950343114982625 -0.0957313433365648 -0.8775567598430106 0.33882265707397985 0.099289792610491 0.9355964656722645 19.447970933229715
41 0.9380800294301863 -0.00652519587641406 -0.34635715335491046 -5.10135424991173 -0.028104518286848523 0.9950932653627134 -0.09486584886404227 -0.9613260057243869 0.3452766951400603 0.09872596055030929 0.9332937324499905 20.16471448900728
42 0.9357593054664823 -0.006779792653815873 -0.3525741823214225 -5.3831761351356375 -0.028066944534371994 0.9952114465829905 -0.09362917929527673 -1.0411985669755888 0.35152065472701394 0.09751005709744526 0.9310880842697818 20.887985077556028
43 0.933278678930254 -0.006886465799340461 -0.359087010835423 -5.670477051170574 -0.02801254886677429 0.9953746504406319 -0.09189451762425065 -1.121973432875566 0.35805894274405775 0.09582213771583155 0.9287690316400707 21.61202488137811
44 0.9304891400804701 -0.00683229109079834 -0.36625575381194936 -5.965687791490364 -0.02774938975087085 0.9956385968652848 -0.08907163301058807 -1.2020756467186673 0.365266934673863 0.09304356210295478 0.926241310225884 22.335265511654995
45 0.9263116672615108 -0.004453864378038446 -0.3767318081167485 -6.287982217436313 -0.02912359759373903 0.9960916965053138 -0.08338553971711664 -1.2789311442654936 0.3756308204712725 0.08821278508347088 0.9225616479036695 23.112864626245738
46 0.9231129482726126 -0.0017609618569180295 -0.38452487655415124 -6.610114884972147 -0.030501132204989925 0.9965033676303551 -0.07778636939338752 -1.3575030631512761 0.3833173201006367 0.08353405001383007 0.9198314506620897 23.84340842037033
47 0.9193509890246896 0.0009293282428611077 -0.39343727853199745 -6.9510789208406765 -0.03261964404588283 0.9967343721376525 -0.0738684659324276 -1.4282313104890794 0.3920838177403523 0.08074483229043479 0.9163790455246612 24.596682727851245
48 0.9156814913890383 0.0014652247613675389 -0.4019020479270723 -7.292481020450626 -0.03331542146703523 0.9968284861032854 -0.07227068580350005 -1.4983439582702616 0.4005215243429065 0.07956646655465908 0.9128262097535387 25.344375633151348
49 0.911458389350992 0.002001437017038514 -0.41138740290801645 -7.646615054824169 -0.034437330215047725 0.9968496202141959 -0.07144861797929629 -1.5704097148613843 0.4099483837463954 0.07928952717325953 0.9086558737827222 26.111622865705346
50 0.907778477927227 0.001620110237521397 -0.4194467864596562 -8.009163799741776 -0.03437621646160949 0.9969159150963103 -0.07054738843461936 -1.6350797329221132 0.41803888985656623 0.07846039547409177 0.9050345056668728 26.87044297364603
51 0.9036296140464701 0.0019177913080687446 -0.4283104469561052 -8.391686714332398 -0.034845550423507 0.9970043608240868 -0.0690513733507675 -1.70302635138337 0.42689496487596373 0.07732158016209482 0.9009894926577057 27.651953102153097
52 0.8997017961833206 0.0014161126428625347 -0.4365027705715741 -8.779229573248294 -0.0340253535946173 0.9971795825267256 -0.06689660344797896 -1.7731712958398038 0.4351769251472002 0.07503915640195821 0.8972124456506695 28.436418926327292
53 0.8959932003880174 0.0016622772212776626 -0.444064654883873 -9.179504115075327 -0.0330799099798914 0.9974644019201827 -0.06301179657286268 -1.840835429743557 0.4428339502021876 0.07114776104750449 0.8937763101427557 29.222926570926344
54 0.8919375794113216 0.003407933972729949 -0.45214570252121217 -9.594257076095793 -0.03300850373653854 0.9977942231595659 -0.057594504638399206 -1.900448437315349 0.45095209975574163 0.06629535707879507 0.8900826553827057 30.030653029414047
55 0.888257762801108 0.003238524469725836 -0.45933392488639857 -10.014275481424699 -0.0312720975768214 0.9980814374521634 -0.05343688033177406 -1.9656207435009916 0.4582796155306214 0.06183005995989748 0.8866548606152961 30.833047737073464
56 0.8841880134923832 0.002419375703498061 -0.4671249287456317 -10.450985432975305 -0.02997929002115147 0.9982190124246886 -0.05157562849775346 -2.02675623445799 0.46616821252132623 0.059606627060050446 0.88268581723961 31.652055458421565
57 0.8808631607463572 0.002028424365143586 -0.4733666370436264 -10.899440491437883 -0.029428786255690974 0.9982911604805333 -0.05048470557118282 -2.084758311941458 0.4724553334219235 0.05840072372358296 0.8794176014884083 32.47287483512898
58 0.877937493023556 0.001729192004831364 -0.4787721417090042 -11.355653836085919 -0.02871844050826519 0.9983830776214617 -0.04905590223195284 -2.1375867900002143 0.4779131857422503 0.05681760589576687 0.8765675964042655 33.2956578132221
59 0.8745770071894459 0.0005007551195743329 -0.4848863816118089 -11.8310740260948 -0.02710421776560444 0.9984864363600284 -0.047856011443038526 -2.196323783462935 0.4841285196791962 0.05499623412459684 0.8732668522769819 34.139195220089796
60 0.8719143478344714 -0.0007010588809600576 -0.48965791508647777 -12.312874365058937 -0.02591551774074803 0.9985313595672676 -0.04757635910023677 -2.253397469135511 0.48897214619479185 0.054172249273175994 0.8706156513410999 34.98452264854728
61 0.870184632990788 -0.0015725516972807565 -0.49272327607334115 -12.804000446876225 -0.025306065689044106 0.9985325161829686 -0.047879193887332985 -2.310781753109867 0.49207551389225446 0.054132627119473836 0.8688678565061415 35.83340552981153
62 0.8683832942312258 -0.0016352192401102436 -0.4958908907189235 -13.3111683971087 -0.025548232423849366 0.9985190278007764 -0.04803164564039657 -2.365182621291791 0.49523504116587824 0.05437901516895187 0.8670554662348495 36.700295082727436
63 0.868197684578278 -0.0017563580647781453 -0.4962153673894515 -13.824598711709294 -0.025044640919441922 0.9985641751395798 -0.04735350178605968 -2.4228621642374835 0.49558606753968965 0.05353973706180679 0.86690711788481 37.57657870572552
64 0.8676078864472506 -0.0019103190140038195 -0.49724531287046464 -14.344749458944165 -0.024162370048849587 0.9986493705372207 -0.04599581111804986 -2.4809663346443833 0.49666159420000905 0.05192095446799577 0.8663899123240224 38.475636261088376
65 0.8672060610238282 -0.0033691874287810853 -0.4979380397249005 -14.872351119426622 -0.022202675101296327 0.9987209566074026 -0.0454256765340075 -2.540808608559601 0.497454211826958 0.05044897926315535 0.8660220623543209 39.375054460811164
66 0.8669576748080633 -0.005340838666108568 -0.4983531485147178 -15.404901700278177 -0.02024173206598751 0.9987401614152998 -0.04591690637904266 -2.5997821625933257 0.4979705476327573 0.049895546020589904 0.8657573407396221 40.282752633452034
67 0.86559973453832 -0.007194142911838815 -0.5006848698893317 -15.945929903958984 -0.01834611879162215 0.9987698103243511 -0.04606827474461026 -2.6607305096259433 0.5004003631821152 0.049062311206019976 0.8644028985705652 41.206551187846465
68 0.8644451668916647 -0.008121682252644681 -0.5026615031425191 -16.488265913339447 -0.016494074834592688 0.9988730077121704 -0.044504606326416264 -2.7206823772228743 0.5024564687136232 0.04676272898637203 0.8633369847135295 42.12520661983982
69 0.8619391779009759 -0.0076908058393110055 -0.5069533509627041 -17.038888787449974 -0.015248129135128801 0.9990394432360307 -0.04108144886198134 -2.781160888272583 0.5067823519549203 0.043139801076753616 0.8609939664937523 43.05534377787974
70 0.8591332017199332 -0.0078556668373925 -0.5116917285448949 -17.595593389621325 -0.012850462929342209 0.9992357228323243 -0.03691660655134535 -2.8411822502242683 0.5115906679062961 0.03829175858021007 0.8583756373842207 43.97657447816164
71 0.8555760268708362 -0.00885087160099581 -0.5176015060521796 -18.149522556797447 -0.01106677120822488 0.9993126199560955 -0.03538098627018559 -2.898614420454964 0.5175588788831567 0.0359993016867273 0.8548899709305757 44.879803931286084
72 0.849981040486467 -0.011607564249140865 -0.5266853803266689 -18.718283373591646 -0.009320927248672046 0.9992693790198683 -0.037065192324666534 -2.956572477831907 0.526730818907444 0.03641390743019128 0.8492518337696288 45.78510883476844
73 0.8445645247415184 -0.014552575380074522 -0.5352559953160732 -19.289833196113886 -0.008165918368984417 0.9991643042477113 -0.040050104920636806 -3.017909767321889 0.5353915258408345 0.03819575518160336 0.8437398911455515 46.674874414703964
74 0.8380560663880839 -0.014757505086174398 -0.5453844881009334 -19.88618557382197 -0.008204591427681316 0.9991801762729169 -0.03964416770206564 -3.071877957518584 0.5455224276529387 0.03769869271151137 0.8372479293841714 47.57695580511409
75 0.8320707350803427 -0.012110103356302722 -0.5545373127780538 -20.493852962423336 -0.00868673034445824 0.9993545094546239 -0.03485835856567958 -3.1238208833742216 0.5546015123583646 0.03382173666927416 0.8314284446431286 48.46705615229023
76 0.8271295905734494 -0.008963984899108672 -0.5619397487846787 -21.1088030554054 -0.00998740560736238 0.9994804567384921 -0.030644222042221836 -3.180174971622732 0.5619225010929106 0.030959063527418 0.8266103345844532 49.34793945922591
77 0.8226556559170229 -0.00843088974574612 -0.56847742755957 -21.727645071816777 -0.011615250264645433 0.9994321247931165 -0.03163090124155841 -3.2278304504697695 0.5684212900462637 0.032624347906744004 0.8220905638470436 50.22323353405498
78 0.819323988437136 -0.010841628302679956 -0.5732282745401969 -22.3511568816438 -0.011937945791212136 0.9992818237535834 -0.03596278890056082 -3.2814129488105914 0.5732065009601269 0.036308344243043834 0.8186061432158704 51.09129795654037
79 0.8166413829021316 -0.013047513562181264 -0.57699792695641 -22.978125900744452 -0.014005827549893794 0.9990019878442616 -0.042413029820500485 -3.3423943838550705 0.5769754708102866 0.04271756938184115 0.8156436242245847 51.95208719127793
80 0.8130983997339356 -0.013979056375658947 -0.5819583935489402 -23.610487724497638 -0.01424383532414353 0.9989345477935593 -0.0438962686353406 -3.3998674436238243 0.5819519834089782 0.04398130590713265 0.8120329674511996 52.82060099279322
81 0.810215283705196 -0.013203240061245656 -0.5859836703414941 -24.247302727624295 -0.013075290246984653 0.9990903339117018 -0.040589918561835435 -3.4616565731017706 0.5859865496808094 0.040548479519939715 0.8093056227270548 53.68371714003235
82 0.8065666067325918 -0.011145550308497659 -0.5910381365939463 -24.893474823284613 -0.012048460561648947 0.9993046058779746 -0.03528653127170689 -3.5171074308722767 0.5910204304225526 0.03558203798694022 0.8058714389278059 54.552982947783846
83 0.8033721499634391 -0.009924485274403023 -0.5953945636786787 -25.54211371927818 -0.011840406145007839 0.9993971961586885 -0.03263509021165268 -3.571699575369562 0.5953595545624365 0.03326783652932191 0.8027703648119289 55.4127323357966
84 0.8006048055613078 -0.009281256979108995 -0.5991208531708913 -26.19287081018372 -0.01304851506196614 0.9993728587431554 -0.03291846723781889 -3.6212925261717035 0.5990506551225572 0.034172321035037964 0.7999816072423567 56.26203497288673
85 0.7966747498974265 -0.010687090785211581 -0.6043137612039702 -26.85475135584943 -0.012587349049565284 0.9993334451994859 -0.034266951589102645 -3.6719535142059034 0.604277177679546 0.03490632383371864 0.7960092009872926 57.11615193853472
86 0.7927387103444782 -0.012655439971571472 -0.6094302009802736 -27.514546092858176 -0.011880825126985175 0.9992737452937891 -0.036205358444655084 -3.7279270792132286 0.6094458049484377 0.035941923310736965 0.7920126236707679 57.96457857064324
87 0.7887562469671004 -0.013881590252256396 -0.6145493284670551 -28.1846491443712 -0.010942981240830669 0.9992694658593342 -0.03661674179807063 -3.780901356867396 0.6146086886759005 0.03560668610760176 0.788028128238157 58.808087834296636
88 0.7838008495261033 -0.014471890821065182 -0.6208436077775902 -28.871326382745206 -0.009865248267109116 0.9993121185782429 -0.03574865808094103 -3.835698405671916 0.620933902649228 0.034144605378320245 0.7831189193149444 59.660367270532916
89 0.7792827627006931 -0.014810943787861854 -0.626497409601692 -29.553913717846005 -0.009292127777848878 0.9993376718994209 -0.035183432157296225 -3.889844827481319 0.6266035736747714 0.033239336661677145 0.7786289972804846 60.498091649725524
90 0.7735694997488552 -0.015745135481067617 -0.6335158341730804 -30.251708158151636 -0.009027918287736173 0.9993160327165933 -0.035860332687917044 -3.946908313576685 0.6336471670620174 0.03345978926588964 0.7728982583639498 61.34015382340311
91 0.7680607461380802 -0.017094334474989127 -0.6401487844277758 -30.957397127284533 -0.008275169964606343 0.9992952363777458 -0.03661355113151593 -4.001753687898871 0.640323526451872 0.03341877185187836 0.7673779869886974 62.17264946900403
92 0.7628737332856647 -0.018448842561495975 -0.6462842249097499 -31.666251613835524 -0.007465057664128668 0.999274845059031 -0.037337072140218475 -4.057208783122498 0.6465044058932524 0.03330802107148073 0.7621828106084438 62.99687249504554
93 0.7567569764588318 -0.01959920347904329 -0.6534024347512009 -32.3930998905863 -0.007033508203156942 0.999248448566049 -0.038119126552700555 -4.113181516762484 0.6536584852710147 0.03344262678726365 0.7560503841698821 63.828452474177986
94 0.7511241868140531 -0.021591429780552746 -0.6598077431587506 -33.12397936644551 -0.00569876959030071 0.9992156978179736 -0.039185625738707264 -4.171191950572269 0.6601363398430268 0.03319336401015113 0.7504120345582399 64.64756166265096
95 0.7445047083241875 -0.02237785236149857 -0.6672420569958248 -33.87249471476752 -0.004975919499494654 0.9992243243780795 -0.039063919416308546 -4.229399458653131 0.6675986719983534 0.03240341512035404 0.7438158644540435 65.47343930902306
96 0.7382181551700335 -0.022641639518348536 -0.674181950953842 -34.62634682799504 -0.0039894023610135354 0.9992725198807477 -0.03792776927859584 -4.287876798556281 0.6745502557668654 0.03068855133907181 0.7375907902112527 66.29354339795664
97 0.7321638733766459 -0.02356688936306842 -0.6807206883506695 -35.38632895447948 -0.002602157630141276 0.9992971753984151 -0.03739497314381097 -4.346163662176054 0.6811235563126098 0.029150591301368278 0.7315879665235733 67.10255743791271
98 0.7253184394229375 -0.024909069706700274 -0.687962710332807 -36.16387974221749 -0.001673871254749763 0.9992784029375157 -0.037945639744487406 -4.4056827286818585 0.6884114811861622 0.02867423358400309 0.724753357889755 67.91437672238645
99 0.7188761877766903 -0.026519543843463986 -0.6946320834886331 -36.95128454340763 -0.0010906357032166069 0.999227763891576 -0.039277046454198716 -4.466629011261279 0.6951372851203763 0.02899292434736163 0.7182921231694988 68.7178250967762
100 0.7132189611580275 -0.026242056980519412 -0.7004498973649074 -37.743702020409266 -0.0019482109021734442 0.999220865573253 -0.039419110531085794 -4.521860998669836 0.7009386036308902 0.02947908156320613 0.712612143359928 69.50962492049044
101 0.7074341703090199 -0.026027082664202044 -0.7062998487416721 -38.55400126626663 -0.00190347654695331 0.9992479484835037 -0.03872872611575486 -4.5811209325980204 0.7067766830758212 0.0287424497863785 0.7068526021436876 70.31133095593002
102 0.7028495497085864 -0.026033002525551685 -0.7108620005508298 -39.36929507277543 -0.002205025384828634 0.9992455618835624 -0.03877428165189408 -4.640853019417445 0.711335122661704 0.028819955514967906 0.7022618905082635 71.10566716000348
103 0.6974215372870424 -0.026673060679969152 -0.7161646023119943 -40.19863035986516 -0.002221987557969498 0.9992218691263699 -0.039379169991105065 -4.702416464150874 0.7166577081325486 0.02905519046543704 0.6968195855746239 71.90278998297516
104 0.6922293442524933 -0.028439033384376193 -0.7211170131515143 -41.03252985613512 -0.0024692252114482637 0.9991240661094207 -0.04177323838692425 -4.765879954793436 0.7216733655424973 0.030697262094082217 0.6915527754614099 72.6924849362616
105 0.6877603516190716 -0.030665384511997823 -0.7252898201073367 -41.86964987103221 -0.0020710676769786687 0.9990204376956785 -0.044202666665407224 -4.831073798694847 0.7259348580818493 0.031902966248422114 0.6870231381497623 73.47947682536703
106 0.6821228493745568 -0.031128598826825407 -0.7305747181372951 -42.726482874118894 -0.002508450382816353 0.9989880071154219 -0.0449073414040584 -4.8967862102254385 0.7312332971970017 0.03246493448601465 0.6813544620961406 74.26689782195557
107 0.6771464214841236 -0.03127784229894177 -0.735183249551481 -43.588614879214454 -0.001488989497700757 0.9990359316236633 -0.04387471059167621 -4.961251264462768 0.7358468018503461 0.0308042837676059 0.6764470343974531 75.05096640143067
108 0.6725817709374361 -0.0317871734464212 -0.7393397912126218 -44.45194068036186 -0.00012525857915470152 0.9990721330535033 -0.043068053803859516 -5.028236511642968 0.7400228069696915 0.029059396890107315 0.6719537236755885 75.82809013692658
109 0.6672254444680047 -0.032492715666628015 -0.7441467727700511 -45.33341567178019 0.0004034628711680025 0.999063690749199 -0.04326175025839093 -5.098385780560729 0.7448557261111984 0.028565105283020684 0.666613825469761 76.60701091333547
110 0.6627539858766746 -0.033554250028974796 -0.7480850594351519 -46.216537863666794 0.0013763162558969161 0.9990484899353734 -0.04359151867615578 -5.162914029205977 0.7488359428556228 0.027860851447543057 0.6621695508059599 77.37914834090631
111 0.6580689875188321 -0.0343117371769494 -0.7521754462180422 -47.11326734638756 0.0024132036873064045 0.9990521598527172 -0.043462148230295546 -5.232610866762203 0.7529537791780336 0.02678593963066257 0.6575280452854902 78.15784938535153
112 0.6540249791414381 -0.03560822141113542 -0.7556344160197997 -48.0156321896793 0.004138335237904759 0.9990449974554587 -0.04349674958736827 -5.297944804395099 0.7564616384203929 0.025320892504654635 0.6535477431454649 78.92820567595257
113 0.6504441513451255 -0.038239931428525394 -0.758590866670805 -48.918340691747694 0.006929675162352408 0.9989890686565901 -0.04441644160814232 -5.369129534847512 0.7595224784246016 0.023633626657199997 0.6500515880369414 79.6966500738365
114 0.6456664682552787 -0.04262114164396395 -0.7624291700404894 -49.83381714998274 0.010169003093240625 0.9988325212515877 -0.04722484343094582 -5.442650163969607 0.7635518403562939 0.022738353550219588 0.6453460816667749 80.46758663572255
115 0.640765346582895 -0.04693580969655096 -0.7663007174469338 -50.75230056287229 0.01465361095946826 0.9986953536328754 -0.04891689155999754 -5.513123761795856 0.7675969334155947 0.02011517662363421 0.6406171542703197 81.23726117297343
116 0.6344265929372542 -0.0508133965483364 -0.7713111472988758 -51.68265316052114 0.020259771120606056 0.998587292054107 -0.049121907279991425 -5.588613772292154 0.7727175744642748 0.015537657163181708 0.6345598020116383 81.99883231635896
117 0.6257729114732458 -0.054225119255052794 -0.7781181713407652 -52.62359138831844 0.02500497580306363 0.9984625019227227 -0.04947103581229491 -5.666353361403551 0.7796044026872357 0.011500808222101233 0.6261666854067497 82.76359243200831
118 0.6170757238699419 -0.05562059341684357 -0.7849355956250322 -53.57791175728696 0.02811496688290162 0.9984203291088245 -0.04864560617795438 -5.744258556470587 0.7864013670388148 0.007949584486126005 0.6176647192483146 83.51428619387806
119 0.6076713316196208 -0.05471997237636935 -0.7923012468963195 -54.5530292377985 0.02904481255638224 0.9984873745166944 -0.046683634556206784 -5.814626178788943 0.7936573330016995 0.005356065258464102 0.6083414846234331 84.25523253459025
120 0.5985768872559339 -0.05478982421339812 -0.7991894478168964 -55.539820000071934 0.029118354748570024 0.998487086873561 -0.04664395678394451 -5.895113972245366 0.800535971888869 0.004648912683445487 0.5992666827762358 84.98526757989413
121 0.589677293635835 -0.05582655761236662 -0.8057071880988795 -56.534933943615535 0.02807789095203444 0.9984221305607038 -0.048630044081782044 -5.964134941076242 0.8071507495019703 0.006053474300135782 0.5903143526694117 85.69910620408083
122 0.5790269698475747 -0.05814522399733179 -0.8132323708681968 -57.542503837996904 0.029284144479587573 0.9982933060367334 -0.05052636878187725 -6.044373832412841 0.8147823134454025 0.005441316041656922 0.5797414819778779 86.40797548536797
123 0.5693109309405888 -0.059261727695714445 -0.8199835969506478 -58.558649771552744 0.029155583143266304 0.9982265421171196 -0.05190108401117307 -6.118566260320932 0.8216051529238292 0.005640754587575543 0.5700290930414073 87.11034498088743
124 0.5596699560874147 -0.06037727574743149 -0.8265132257689698 -59.576940735085046 0.032275074381336824 0.998173815497215 -0.051062251837306935 -6.199943040114741 0.8280868743385333 0.0019022324350113828 0.5605965773906719 87.8014747453621
125 0.5489375440625267 -0.06032329002731727 -0.8336837894207848 -60.61767576127689 0.03365573065437711 0.9981787261029177 -0.05006518233079716 -6.280226848058266 0.8351855340877958 -0.0005755788338406251 0.5499680036904405 88.48610326592022
126 0.5385599924940576 -0.061011495509280124 -0.8403753441507001 -61.66644636065349 0.03415992549641303 0.9981359803493648 -0.050573354181389314 -6.359517514750412 0.8418944387578157 -0.0014703739078975823 0.539640255079529 89.1508182266256
127 0.5288454119388936 -0.06170839919089661 -0.8464718487486316 -62.72592312595982 0.03336611160318716 0.9980939095646532 -0.05191579930558616 -6.439243973648245 0.8480620526149779 -0.0007880419136117703 0.5298963549505451 89.80266084220055
128 0.5183997905820708 -0.06208525144492939 -0.8528816245404282 -63.800265581487 0.03209024807499009 0.9980708330591664 -0.05314911200537954 -6.520730184610804 0.8545360644885743 0.00018330561806031723 0.5193920428292288 90.44661584397441
129 0.5089722159676929 -0.06276637396538315 -0.8584914981018325 -64.88269132653438 0.031020885852345685 0.9980275881137701 -0.05457689929789428 -6.605264411123709 0.8602238084311448 0.0011469586082220415 0.5099153825106728 91.07601610087437
130 0.49905788340784357 -0.06262669216618676 -0.8643026743630395 -65.98083108748749 0.030120654556992144 0.9980360715891544 -0.054924911553542635 -6.692296213914915 0.866045026503038 0.0013773478165887004 0.4999641272879948 91.69781019679468
131 0.4902719102922066 -0.061000981587391284 -0.8694321828357973 -67.08825887240573 0.029501108799619195 0.9981375657338672 -0.05339554649812785 -6.775708714958258 0.8710701185690951 0.0005291231484695132 0.49115840856341764 92.31412650240095
132 0.4827042278302497 -0.05978261898222266 -0.8737406097377777 -68.19735684419294 0.030732822097433075 0.9982092526766603 -0.05132038047291709 -6.860066855141228 0.8752440431785136 -0.0020799501322100048 0.4836771160084238 92.91733064103695
133 0.47465633771715926 -0.06006392887190132 -0.878119394837074 -69.32103017344254 0.030933186005886168 0.9981909037030365 -0.05155635463090027 -6.944298172011557 0.8796274849300124 -0.002691480151436994 0.4756556082712615 93.51858552150944
134 0.4672507324243479 -0.06272632202251804 -0.8818969030107081 -70.44582561829864 0.032603369998985804 0.9980240694212821 -0.053711982380224135 -7.031764631580808 0.883523506544286 -0.0036558479842866416 0.4683725677951942 94.10486862976214
135 0.4609047764746649 -0.06591344687379268 -0.8849984126643825 -71.56979210439312 0.035206314104776426 0.9978109694704816 -0.05598021594074825 -7.120061820647696 0.8867509886556975 -0.005355983261895926 0.4622164122592351 94.6849194209759
136 0.4543630584331732 -0.06867444953909631 -0.8881655346234696 -72.70666894295749 0.036647674597707895 0.9976209653496818 -0.0583897025383376 -7.2095599779697155 0.8900624543247595 -0.006019077761678092 0.455798872751897 95.26458338360861
137 0.44966429028821797 -0.07176125796202382 -0.8903102457081133 -73.84780427088727 0.038489328371929574 0.997398253648033 -0.0609532208966201 -7.305584955752812 0.8923679797261194 -0.006858956679354839 0.4512564213824944 95.83093251731535
138 0.4445981339232974 -0.07211556371057158 -0.8928223957912744 -74.9863820346217 0.0400000184534434 0.9973578807672895 -0.06064038348984897 -7.4031979749515795 0.8948365836945594 -0.008752311081049924 0.44630807742419076 96.40393195585615
139 0.44006328534094674 -0.0701408630778262 -0.8952231843488816 -76.12730074356033 0.04213886640454599 0.9974594285356709 -0.05743695916749572 -7.498030102606815 0.8969774994894781 -0.012447793366130826 0.44190093048198137 96.96337982945188
140 0.4366248804094348 -0.06854331810506545 -0.8970287135160387 -77.2658626010927 0.045992627532721576 0.9974901926119109 -0.053833017462908736 -7.592149258820218 0.8984672536252633 -0.017751872895261044 0.43868152427096047 97.52252697245665
141 0.4329278360711034 -0.06786403988916506 -0.8988703723632627 -78.40040183817307 0.04717754464171036 0.9975012572843555 -0.052588220266903 -7.682363057781816 0.9001931914385078 -0.01963959293528123 0.4350477204815902 98.07108100843597
142 0.43017546332311374 -0.06757669662506653 -0.9002124450685955 -79.53617515634753 0.04804158954757018 0.9974949025864804 -0.05192229675598101 -7.769989219871258 0.9014660783124145 -0.020911938959475213 0.43234432472271395 98.6115089179127
143 0.42833594278380666 -0.06707948884655815 -0.9011263217203546 -80.67262425101839 0.05026213583312541 0.9974656001832342 -0.05035964717950508 -7.8577470228464605 0.9022206225595565 -0.02372168689044359 0.4306219275492453 99.14649083810845
144 0.42542315266330644 -0.06654561819748411 -0.9025446289446389 -81.79739031056448 0.05190643951614902 0.9974453632832084 -0.04907615217444206 -7.941754023069524 0.9035047740394779 -0.02596974709428933 0.4277904980863937 99.67340700408624
145 0.42392862507896867 -0.06716613921608758 -0.9032016474309658 -82.922871041778 0.053738912202366575 0.9973547702125878 -0.04894478070581532 -8.029237165265247 0.9040999193542721 -0.027787980739869135 0.4264166726344537 100.199408326816
146 0.4212762431040326 -0.06747217417533904 -0.9044190500054685 -84.03052468263446 0.05588302649810172 0.9972650446979845 -0.048368562931201294 -8.11038996992854 0.9052090523248049 -0.03016514758036926 0.4238946216325823 100.7124480102569
147 0.41886573631741236 -0.06700408905200533 -0.9055727095381796 -85.13986849341653 0.05919409990943827 0.9971674687215049 -0.04640148451054535 -8.192361806541744 0.9061167516278589 -0.03416856982510274 0.42164553368848756 101.21908836276864
148 0.41734382688824423 -0.06679901125994994 -0.9062902446250953 -86.24254556354936 0.061619156727013596 0.9970795801612621 -0.04511529955234378 -8.272613989354987 0.9066571699454771 -0.03701624924117266 0.4202411073716501 101.72181989322462
149 0.41556266574484896 -0.06751347892454912 -0.9070554482661928 -87.32710381874925 0.06323313116390859 0.9969730449511015 -0.04523625389687564 -8.351988251288128 0.9073639050136275 -0.03855745827377 0.41857386583563155 102.20899720482056
150 0.41447828282097693 -0.06867825520195246 -0.9074640684603336 -88.40430492605527 0.06463164401214784 0.9968519506794862 -0.04592318498948302 -8.430573053960869 0.9077612669854437 -0.039616732178425276 0.41761227421776437 102.69414784890658
151 0.4145473601819315 -0.06977023541631183 -0.9073492082068153 -89.47582319552511 0.06498669323182475 0.9967807460917505 -0.04695608398596747 -8.51301630327684 0.9077043737061675 -0.03950010439355755 0.41774696478908746 103.17611670596692
152 0.414867890332297 -0.07021223184936648 -0.9071685958478275 -90.52437463429627 0.0641281805263784 0.9967951874809827 -0.047821862959822076 -8.591440394637107 0.9076189862515207 -0.0383353164801103 0.4180409001327262 103.6443738520149
153 0.41767354505358 -0.07004112126254604 -0.9058935016628066 -91.57236878444137 0.06230712435357485 0.9968852538165421 -0.048348866366602655 -8.67028956138696 0.9064582980722573 -0.03624957702018872 0.42073665975354513 104.11222973162515
154 0.4214119891409427 -0.06982283785331521 -0.9041773565143619 -92.5959249744569 0.06036230441729702 0.9969801767283214 -0.04885610830387412 -8.748540207595846 0.9048581887137664 -0.03398967941290673 0.4243540677285391 104.5812037207944
155 0.42686727896292936 -0.07016132878173158 -0.9015884313152075 -93.6173960292543 0.05922660863097148 0.9970142525658237 -0.04954582639957745 -8.826261878724763 0.902372732835836 -0.03224853340445617 0.42974817956297623 105.05564311387505
156 0.43359403173979744 -0.07019848410235709 -0.8983698425209209 -94.635573281383 0.058654144233966594 0.9970454093530151 -0.04959982818209281 -8.903063890223395 0.8991973759329539 -0.031186925167458492 0.4364303717991877 105.53618697476058
157 0.4400354183673633 -0.06904644121199698 -0.8953219561195868 -95.63777635054105 0.05753204964874555 0.997158849048803 -0.04862399543586522 -8.979026738795337 0.8961355408780335 -0.03011342736892569 0.4427575955198322 106.02010382701556
158 0.4478890207570016 -0.06826273165361811 -0.8914794502606105 -96.63621469099667 0.05683514382675925 0.997238346331301 -0.04780634831450044 -9.051386019651014 0.8922809003704242 -0.029255424543351595 0.45053182948372844 106.5109744901455
159 0.45720494859262034 -0.06786898138302483 -0.8867679641094063 -97.63127300785094 0.056634079395099096 0.9972820973150012 -0.047127479598682784 -9.124171801381625 0.887556324712796 -0.028674370690296776 0.4598060082233614 107.01242995283692
160 0.46615009418757647 -0.06754425145530028 -0.8821234889413324 -98.60895096589745 0.05629150205277214 0.9973254124699805 -0.04661854079866313 -9.194933103694531 0.8829130024202037 -0.02792481928729824 0.4687055032313982 107.5153858459727
161 0.4763395951286323 -0.06832570314500862 -0.8766026320519633 -99.58547393959974 0.056044189817530815 0.9973082052004204 -0.04727993797952301 -9.266345292393305 0.8774734480808195 -0.026607178056997423 0.4788866462570176 108.03010540489568
162 0.4865942340716921 -0.06930835298425889 -0.870874497191407 -100.53859419245887 0.054046075021284154 0.997326886024326 -0.04917422186629323 -9.33904400468073 0.871954750059776 -0.023139455814553324 0.48903935755815525 108.55450528027556
163 0.49835885938628527 -0.06962252782133373 -0.8641707802094118 -101.48760849912468 0.05213171693411064 0.9973731388134283 -0.050290217462589624 -9.41224457611215 0.8654020708097575 -0.019988131280033603 0.5006792826349854 109.09119980270704
164 0.5109733430566743 -0.0682922051888395 -0.8568794571479201 -102.43805155014581 0.05023807017334238 0.9975077478875102 -0.04954219536670192 -9.484441140619378 0.8581272583737887 -0.01773322927999899 0.5131307381330045 109.64071205696581
