0 1.0 1.1976249852940768e-11 1.7046379585661242e-10 1.6653349339844288e-16 1.1976249852940768e-11 1.0 3.562503070320133e-10 -1.1102230246251565e-16 1.7046379585661242e-10 3.562503070320133e-10 1.0 2.220446049250313e-16
1 0.9998716289199966 0.0007918887141120349 0.01600308125645139 0.004823190217818333 -0.0007850565574029447 0.9999995980108778 -0.0004332041475830734 -0.0027844386766726057 -0.016003417810107053 0.00042058594371992514 0.9998718486424892 0.10880105290987457
2 0.9993280102009938 0.0027993142755780346 0.03654711876754895 0.02361920065343271 -0.0027915965529668727 0.9999960691149058 -0.00026219974788262515 0.0020844279395758982 -0.036547709379071744 0.00015999948839671383 0.9993318964744008 0.2480529928624875
3 0.9979862770011746 0.003820399155350338 0.06331504939370251 0.05056970416943072 -0.00387690715057473 0.9999921885833376 0.0007696560136627895 0.0024597155737905584 -0.06331161517850753 -0.0010135719467921978 0.997993292580755 0.39942234074922583
4 0.9952912881503491 0.0034226016586416546 0.09686866106411528 0.10151348948838701 -0.003675029060133179 0.99999030047679 0.0024275749384342926 0.0018037363100104572 -0.0968594142005062 -0.002772138556091172 0.9952942123592302 0.5744322378469259
5 0.9910339850957643 0.00026821314263988905 0.13360976133227195 0.17976323897794172 -0.0008749427104779375 0.9999895713886399 0.004482364299309671 -0.00018931211418504127 -0.13360716771101164 -0.004559075445865554 0.9910238845206915 0.7620999706386837
6 0.9847936937887213 -0.0024051406205844966 0.17371124228077783 0.2544549117725552 0.001487919171014826 0.9999842578897524 0.005410181613621695 -0.006653674505690286 -0.17372152261314483 -0.005069443618636609 0.9847817695328899 0.9484266684437451
7 0.9762344278640779 -0.002750443095162816 0.21669973789716787 0.3452177978913068 0.001427076709819499 0.9999793679294078 0.006263159209094193 -0.0038715556612213937 -0.21671249680888433 -0.005805063634997644 0.9762182109950209 1.1552242880928205
8 0.9645105251880182 -0.002553817430111064 0.26403205103407545 0.4396805794164574 0.00021683834040307916 0.9999605495460532 0.00887988342832509 0.001914492317905706 -0.264044316685935 -0.008507487874060523 0.9644730283028798 1.3610148255302814
9 0.9504320153283479 -0.006432108585007728 0.3108659051280456 0.5820857740609529 0.0016112815542182535 0.9998744727063446 0.01576206183978265 0.005688805373377493 -0.31092827131059014 -0.014479874826796798 0.950323073791381 1.5850883517800296
10 0.933285062626149 -0.016270405468460692 0.3587677020768468 0.7168162894805502 0.008150711454880959 0.9996755262246592 0.02413313376961472 -0.004515506075357005 -0.35904395311169157 -0.019598880365358715 0.9331148511187362 1.7971088972952252
11 0.9123282093656542 -0.02199424951960955 0.4088685473939764 0.8723956251757248 0.011029350730616382 0.9995140080724967 0.02915649252589313 -0.006305365253740718 -0.4093111224990942 -0.022090735100632336 0.9121274071037541 2.0150670845548686
12 0.8877509206154404 -0.02369029524122606 0.45971411747769614 1.0643426135139333 0.009507600089380088 0.9994054310871592 0.03314196464546973 -0.002871604862174552 -0.46022593631734715 -0.02505103071260548 0.8874483289093807 2.248614348933326
13 0.8595194697405113 -0.025577235176042615 0.5104626159869182 1.2418262828416073 0.00736889398252724 0.9992633915403547 0.03766130235393408 0.011269520456427096 -0.5110498854165575 -0.028609076783871097 0.8590748158528334 2.4588679863667453
14 0.8280866373836637 -0.03103265510034384 0.5597405564843473 1.4721658740827688 0.008687327263752976 0.9990571337334123 0.04253673519315897 0.014118105244334454 -0.5605328332163626 -0.03036145163374543 0.8275754527003942 2.669859306739664
15 0.7924269654256223 -0.03678735742186682 0.6088564601831107 1.708409769676133 0.010872873210090157 0.9988729767085103 0.046201266020308274 0.017751271675686332 -0.6098698975111307 -0.02999110890118711 0.7919338654445508 2.8753446960864486
16 0.7548263474269179 -0.0414566268625961 0.6546132649458729 1.972714474832339 0.012111888185452512 0.9987114492114129 0.049282282065595595 0.026667912165634543 -0.6558128507469811 -0.029270961204670765 0.7543558327172422 3.0817936720207255
17 0.7153726130363226 -0.0449106679246373 0.697298392910352 2.269141637351803 0.01314491869010646 0.9986206982783088 0.050832194782421666 0.03796466354611668 -0.6986195276732406 -0.027198028176321627 0.714976244739715 3.2924651866440366
18 0.673722181755199 -0.04618631218733075 0.7375399905795256 2.5645203410709447 0.011560315163140829 0.9985815635728782 0.051973261880491756 0.052468629698135275 -0.7388943028195666 -0.02648934344794717 0.6733004772560067 3.4892067570990957
19 0.6317911742326016 -0.04649087783034899 0.7737431749651386 2.901249568831362 0.007595658026779583 0.9985231230010774 0.053794783765964665 0.07424879907281791 -0.7751014313605363 -0.028109979819809127 0.6312112244118399 3.702394842901269
20 0.5901668087161696 -0.04720726616824243 0.8058998705636187 3.23618849108505 0.0048632231399701065 0.9984785520908732 0.05492658761948376 0.08876225094442086 -0.8072666836787223 -0.02849657677352877 0.5894984793182032 3.9053045614809814
21 0.5504661234932853 -0.048082388390938174 0.8334717268555518 3.6123615358163517 0.002757382922938509 0.9984393800809443 0.05577814175704359 0.10666054782805874 -0.8348529547920461 -0.028405775474942486 0.5497396358141842 4.102508186249597
22 0.5123976328511283 -0.05006432756222566 0.8572877095128849 4.027692182925806 0.0014408849539965488 0.9983478732497547 0.05744081983506165 0.12232863394334313 -0.8587471122427227 -0.028197285834622443 0.5116232230887507 4.296031160913902
23 0.4751311142671663 -0.049888296586891534 0.878499612620823 4.441490663493217 -0.001364855509834782 0.9983484613341337 0.05743245494712396 0.14502540044906126 -0.8799139589377506 -0.02848697001400311 0.4742783256589263 4.493526723837128
24 0.4390990142296927 -0.04940121323688202 0.8970794627466577 4.8996389492975 -0.0025481616143906297 0.9984146522208347 0.05622889885838262 0.16955926799686666 -0.89843507101956 -0.02697595614048044 0.43827700640131784 4.68262526584257
25 0.4056141690632057 -0.04844303754531807 0.9127597734834044 5.396195970151213 -0.0011658322366597438 0.9985663577117398 0.05351513847518339 0.19166076084293043 -0.9140436540041453 -0.022770621765308093 0.4049761860575647 4.868262045566509
26 0.3764348685813672 -0.046964244212611604 0.9252519306500112 5.903119954646891 0.001028583967078008 0.9987348507169477 0.050275639655832365 0.21494996280230186 -0.9264425221478119 -0.01797380301924416 0.376006928004174 5.03782939001552
27 0.3512966596862237 -0.04537670522763915 0.93516394116571 6.444950827193555 0.002131429956051214 0.9988610186812367 0.0476667843551723 0.23928448153406917 -0.9362617846059211 -0.014751944157009509 0.35099325566766465 5.207617092943256
28 0.3309361876228206 -0.04509032825202927 0.9425752421395744 7.012671775151759 0.0028857613284062143 0.9989014395415617 0.04677164128333985 0.26449319635796026 -0.9436487311201796 -0.012758379918143159 0.3307027531749193 5.383794327080299
29 0.31643987989033684 -0.0455739622657865 0.9475171772971727 7.601967500074791 0.0034942204271144 0.9988945027925721 0.04687816846046108 0.29050309026860016 -0.948606139887951 -0.011523286549377877 0.3162493009879167 5.56465706859391
30 0.3043604469964035 -0.046882934523411086 0.9514024876498447 8.216407951763859 0.0040559898833068585 0.9988427910205847 0.04792314403297858 0.311919971124098 -0.9525483101483506 -0.010727029090049727 0.30419839409010996 5.750743997764338
31 0.2941252337390168 -0.048455059425357265 0.954537814195432 8.863392908481702 0.003088432127896684 0.9987570214176913 0.049748102649633065 0.34068093644772696 -0.9557619078420434 -0.011684145487045529 0.29390929156127815 5.94170517262159
32 0.2837753202804815 -0.04989038657461671 0.9575920328862952 9.533188191710341 0.0018121541306004535 0.9986716798221471 0.05149361106231519 0.37315825144266196 -0.9588890967220212 -0.012877310040112715 0.28348878389096577 6.141000394317898
33 0.273498662847335 -0.05137618547951632 0.9604993250367801 10.225607530384188 0.0011994737798753966 0.9985899641230264 0.05307207152799079 0.4033543487817621 -0.9618716436676351 -0.013363045267954262 0.27317464333028707 6.334244417512112
34 0.2641479078659482 -0.05314809064153379 0.9630166912075593 10.944393537396895 0.0004277501802431826 0.9984869053348145 0.05498833389538768 0.43415939997901787 -0.9644820973404317 -0.014113121221673222 0.26377096020247 6.522676138411286
35 0.2541248394932965 -0.05446785219486799 0.9656364757203462 11.683194868162666 -2.0569098691777487e-05 0.9984126536126434 0.056322044015844654 0.4675071988142948 -0.9671714335647689 -0.01433269109490025 0.2537203340124233 6.713257559670303
36 0.24350877848239535 -0.05558810707118579 0.9683044052682769 12.438027824426726 -0.0005052274880328993 0.998348835679299 0.05743994256160131 0.5005249785422963 -0.969898569958007 -0.014476342676394144 0.24307861985359971 6.8937114400128445
37 0.23380615145104952 -0.05838903696266572 0.970528406552334 13.202348364162692 -0.0017139523094189424 0.998168855800068 0.060464846274586065 0.5369408456969084 -0.9722817299762888 -0.0158004908421713 0.23327794166601282 7.077215559390001
38 0.22282781082119743 -0.062050161013777395 0.9728810452289195 13.97679676547552 -0.0033639473684379663 0.9979173694009726 0.06441744841486831 0.5800302707765164 -0.9748520232315735 -0.0176267180858566 0.22215500834683138 7.256153154718391
39 0.21022222887666375 -0.06603101863963481 0.9754211925527879 14.767990655780078 -0.0036682093749935618 0.9976562504903922 0.06832678864627441 0.6196238243082448 -0.9776467539088823 -0.017941857407030453 0.20948730404817895 7.42271889209175
40 0.19800378912740602 -0.06839831951949467 0.9778119211259618 15.55850286473121 -0.004597787099838804 0.9974866299803758 0.07070561018471382 0.6607295525460574 -0.980190479767432 -0.018495748209623644 0.19719165044722553 7.58166223024973
41 0.18361526735629952 -0.06913299025135161 0.9805641472417561 16.359668683924102 -0.005252554615765983 0.9974406285450679 0.07130640325612833 0.7005220900621489 -0.9829841611804263 -0.018243409472555077 0.1827822018911223 7.726294371030671
42 0.16998261577485044 -0.06858055546753819 0.983057781234214 17.155028931787466 -0.006739036152879277 0.9974712196805835 0.07075133392342066 0.7431973843165348 -0.9854240268381761 -0.018651357175011176 0.16909059925156145 7.861857381101775
43 0.15359840155098084 -0.06794313358132376 0.9857947276295344 17.961758345362192 -0.007861512122440384 0.9975176955281014 0.06997602225052399 0.7838631361983783 -0.9881020922425143 -0.01849804079769434 0.15268298679293468 7.987371666119048
44 0.13263603670456411 -0.0669421048574486 0.9889016228169489 18.775860712207926 -0.01022979694175754 0.9975710493760124 0.0689010352754153 0.825675477078749 -0.9911120270383945 -0.019255021474460066 0.13162906518615308 8.095824778652643
45 0.10787411232994093 -0.06574227490373712 0.9919884637852042 19.591552089427946 -0.014432076853131122 0.9976024382596427 0.06768375216235202 0.8696682999157649 -0.9940598112066594 -0.021617776881106134 0.10666667892285299 8.18432164053826
46 0.07815707853320158 -0.06534099565112639 0.9947974710084879 20.41691211792272 -0.018080948320492347 0.9975928160791847 0.06694514615808625 0.9116728492226628 -0.9967770902625133 -0.023219117168232804 0.07678751190284273 8.246261940773753
47 0.04477824237925388 -0.06522764131396282 0.9968652098747973 21.261113150766054 -0.020892150778457654 0.9975867459531393 0.06621330923957762 0.9536515565193134 -0.9987784761327818 -0.023791572340175926 0.04330743438263765 8.277813679942296
48 0.011335844820742421 -0.06495927689873533 0.9978235183257483 22.093581405367193 -0.022471800358174948 0.997619072530485 0.06520125997900245 0.9913972677097118 -0.9996832169059133 -0.02316200071148427 0.00984910208793476 8.289089458557148
49 -0.022780871844336314 -0.06430705958697387 0.997670094107387 22.943275561220364 -0.023785393569189482 0.9976814727950908 0.06376467587780725 1.0262203313116187 -0.9994575049770552 -0.022277359369598466 -0.024257623502425107 8.265642999078938
50 -0.05485415138060902 -0.06273386770451538 0.9965216839700615 23.77471783356702 -0.02608638512210751 0.9977737196176042 0.061376746049702904 1.061753952018634 -0.9981535652643243 -0.022628877551478 -0.05636853150087998 8.224235400236903
51 -0.08716112489218797 -0.05984897044091949 0.994394801764066 24.606926371838494 -0.028420233261120115 0.9979368039867891 0.057571048316088926 1.1021066311626466 -0.9957887556169466 -0.023242973332631593 -0.08868221711603418 8.148842886073826
52 -0.1198996836044983 -0.055629859545759636 0.991226193859541 25.45120568353367 -0.025955501975781902 0.9982632260354722 0.05288519147281616 1.1295651069704769 -0.9924466710159309 -0.019386854119012774 -0.12113534689461966 8.034307411298576
53 -0.15093124441266728 -0.05059335892395427 0.9872487297449499 26.26967515989679 -0.02157103751815424 0.9986202266237703 0.047878317946055994 1.151306247165617 -0.9883088923256322 -0.014069643645152449 -0.15181434575342348 7.883961434280918
54 -0.18231747472406795 -0.04468199272483674 0.9822239260769607 27.090803839078003 -0.01590391724062936 0.9989702278462141 0.04249175565055426 1.1714333985898124 -0.9831110926366756 -0.007874216755803897 -0.18284034898940255 7.710044009415878
55 -0.2106457640287185 -0.03936941335365888 0.9767693661045983 27.898684896798684 -0.01021631455535425 0.9992228028767444 0.03807121124835499 1.187792139403218 -0.9775090820196969 -0.0019594419713451394 -0.21088426206541533 7.51427799848214
56 -0.23886830345905452 -0.03324507277561922 0.9704827057132398 28.70601743175193 -0.0019402330986013096 0.9994281165526825 0.03375907767453611 1.2032964761718712 -0.9710500426144008 0.006181012752851754 -0.23879620282620392 7.282666881855311
57 -0.2667327581336924 -0.02326860325335786 0.9634895907041877 29.505283786407354 0.004273566851684437 0.9996701241291411 0.0253254719830668 1.2053031890780928 -0.9637610638809783 0.010872672015384732 -0.26654533050643586 7.0344298522929725
58 -0.2910116249803501 -0.00820953400805587 0.9566842851411326 30.281765232870995 0.008276962435628447 0.9999041567063223 0.01109816544126752 1.1988911068356312 -0.9566837208024415 0.01114813688905991 -0.2909157844725179 6.772042941764806
59 -0.3155775884087289 0.00894301269956974 0.9488576248369001 31.06111124138204 0.00879575335553162 0.9999401963231738 -0.006499114196107267 1.1830401035957865 -0.9488590178586168 0.006294944636197698 -0.3156373772575399 6.506334405928198
60 -0.3412802490903216 0.023531288396376693 0.9396669911803867 31.835527392298168 0.007743516405703684 0.9997230535068005 -0.022222831205093312 1.162411008024934 -0.9399297019370731 -0.00030788489533215344 -0.3413679486574168 6.221704451285094
61 -0.365595379930785 0.03416956825229498 0.9301464633743078 32.60364917451986 0.011146373464186196 0.9994149935083133 -0.03233309583779569 1.1263660173930075 -0.9307071458094652 -0.0014530689088508536 -0.3657623720448116 5.914516006411606
62 -0.38982823250019544 0.03884897254122543 0.9200677645289657 33.36572331818877 0.015046079290934135 0.9992450866521392 -0.03581720631948178 1.084208199068918 -0.9207646708210487 -0.0001191439995446142 -0.39011847169346897 5.581746388120571
63 -0.4119669299004941 0.03803501585236033 0.9104046195892819 34.11274322046008 0.017184655124538265 0.9992750451129702 -0.03397163241680013 1.0434439412093586 -0.9110367447913365 0.0016498020058213464 -0.41232189208793735 5.229960974678192
64 -0.4324269677434922 0.03452445682881251 0.9010077496096215 34.85362203284762 0.021278956787995917 0.9993791318898383 -0.02808125181102834 1.0065240788449412 -0.9014178483415592 0.007029416147418864 -0.4328931330363267 4.86524844966076
65 -0.4508900263142623 0.03310305764667115 0.8919654463132003 35.58594887623539 0.028517032615298105 0.9993361492311111 -0.02267244238632424 0.9716007580548841 -0.8921238571251264 0.015213431398022408 -0.4515347045669228 4.483073770279748
66 -0.46440502365523345 0.03361698904059472 0.8849846653625804 36.30575433172263 0.03194518133507985 0.9992648798920757 -0.02119446041643001 0.932190859945142 -0.8850466047576845 0.01842818356487384 -0.46513753195534085 4.097841249369577
67 -0.4756321028581321 0.037123088323038136 0.8788606061815143 37.018401464544155 0.03512804662201729 0.9991136928983481 -0.023191570611259725 0.8943617464660305 -0.878942623880269 0.01984200269908894 -0.4765146092806204 3.7088739122849503
68 -0.4856801524158355 0.03950039304957821 0.8732436628540031 37.71975916489439 0.03644861944900146 0.9990248197622809 -0.024918017193873442 0.8596120115298703 -0.8733763796415908 0.01972634140822495 -0.48664626247481985 3.3173768542632356
69 -0.49584727863446415 0.03880989764353446 0.8675420764989964 38.41724202696641 0.030303165437366046 0.9991657270112702 -0.027378240988998766 0.8207090477690372 -0.8678808714922782 0.012713846554938018 -0.4966096703387418 2.9267451041095867
70 -0.5075468129610154 0.03789040987022978 0.8607906458987867 39.11575320173094 0.02941557635627797 0.9992122280288649 -0.026639203738842644 0.7959315782450519 -0.8611219245738674 0.011800011775786934 -0.5082615509910277 2.526367584614831
71 -0.5158370887130134 0.03908286762463083 0.8557947266039188 39.80346171652724 0.03136172305738337 0.9991507158378216 -0.026726191564173322 0.7615499857080495 -0.8561124648899117 0.013052838130200162 -0.516624703447512 2.1058179739400686
72 -0.5229595267739208 0.0421574360681161 0.8513143196172779 40.49325248062925 0.03513700970413539 0.9989933736815714 -0.02788601498564861 0.724452224605719 -0.8516329820222113 0.01532938409479111 -0.5239143891209229 1.674422013010091
73 -0.5271245435392864 0.04518302716179095 0.8485859983394866 41.190944999419195 0.03583058183262242 0.9988791809756188 -0.03092816126717473 0.6937942010751809 -0.8490323298244256 0.01410233893626229 -0.5281526674042811 1.242106086816924
74 -0.5264861600674959 0.04632466194607423 0.848920688796351 41.91050905136486 0.03511940451733299 0.9988471691686943 -0.03272552536727094 0.6593255763960262 -0.8494580406240471 0.012584054643309897 -0.5275061060631028 0.7989671473798339
75 -0.5230497384266071 0.046927995073869036 0.8510092368855361 42.6481516943592 0.03716897740909124 0.9987890413721605 -0.032232249243797244 0.6222172188267047 -0.8514913096473651 0.014772075343374238 -0.5241606133550093 0.34447824306835745
76 -0.5172099150861396 0.045875680774202544 0.8546281720147629 43.40210732331028 0.036004605852885924 0.9988446696247566 -0.03182757074208439 0.5839172417177727 -0.8551009205701448 0.0143090171006586 -0.5182641035020185 -0.09980009865913247
77 -0.5096651236596004 0.044914141018107465 0.8591997254901024 44.18658191080019 0.034307370398036996 0.9989031667478757 -0.03186640455737468 0.548516002039626 -0.8596885938930728 0.013235689980339437 -0.5106469930179788 -0.5544313651872581
78 -0.5023668556767765 0.04445289881678222 0.8635111282440638 44.97840144466883 0.03313565463887108 0.9989337326944628 -0.032146944181263716 0.5108830260246271 -0.8640194345337942 0.012463449022067563 -0.5033041751722575 -1.0015972868776812
79 -0.49591708489743286 0.04339207172036308 0.867285050838117 45.78508289467324 0.031144982197828207 0.9989969389583792 -0.03217306298495917 0.47264607685191234 -0.8678111820286556 0.011056407619105918 -0.49677109604103986 -1.4521934020896907
80 -0.4910389595364498 0.041492315288857995 0.870148903518981 46.61675449382526 0.027113241202987488 0.9991090614708122 -0.03234123359091636 0.4323603738092792 -0.8707155822249086 0.007711753141243646 -0.4917264661135074 -1.9032968308856857
81 -0.4897018203062516 0.03853378362008232 0.8710380364763121 47.45269755719431 0.022340124710860103 0.999249443398687 -0.03164598954879601 0.3972094042543973 -0.8716037280861945 0.0039620013729539305 -0.4901951218569247 -2.3618078407194347
82 -0.48952557935485536 0.036648024853722316 0.871218466118506 48.321228867587486 0.020131438280391236 0.9993251132573815 -0.030725285496909525 0.35566277039347627 -0.8717565285997418 0.00249806928069453 -0.4899329834338078 -2.8321388318745946
83 -0.4903176261939855 0.035697485656968654 0.8708124374668856 49.1865811288906 0.01938478560572555 0.9993603389984236 -0.030052335822413567 0.31791471705734975 -0.8713282207784621 0.0021453241228894136 -0.49069597818740346 -3.3102531782189217
84 -0.4909295451683785 0.03527267041717602 0.8704849261747701 50.05768546698728 0.019888937839697276 0.9993734032271061 -0.029278508120719336 0.2786910262012228 -0.870972229531336 0.0029393376011932464 -0.4913234671992637 -3.7921645992133355
85 -0.49050092212399954 0.03484080926250807 0.8707439059177875 50.951240676471585 0.019961545509862486 0.9993874835992532 -0.028743595634124854 0.2412523534623939 -0.8712120263667459 0.003282635634238474 -0.4908959596144103 -4.288361076860703
86 -0.49032483812155164 0.034290606747919616 0.870864911277197 51.85060281912798 0.020549814415285483 0.9994027648917168 -0.027781623740594796 0.20335867086572487 -0.8712974641531609 0.004274093846077958 -0.4907366654681401 -4.780954936555422
87 -0.49059743664337435 0.03376004536682211 0.8707321062091239 52.745096338382126 0.02045914403881185 0.9994200189016814 -0.02722221900319391 0.16054775718846873 -0.8711461366331146 0.004459284421143374 -0.49100360198308285 -5.281455498969938
88 -0.490263188070089 0.03279793044159674 0.8709571105760414 53.66143369121598 0.01942004693653459 0.9994546975361098 -0.02670523011448979 0.12401627109197096 -0.8713580670399708 0.003821438411395219 -0.49063278464294524 -5.789940526210846
89 -0.49033201245516483 0.032310626692709 0.8709365804957998 54.564808164550556 0.019601048298640227 0.9994686203945048 -0.026043727031593546 0.08345564382499655 -0.871315286943178 0.0043011985950563115 -0.49070478312632837 -6.292571191435878
90 -0.48920890206268414 0.03184019666429374 0.8715852444147486 55.4766117281455 0.01894304403954148 0.9994855585235894 -0.025880095667954885 0.0444251142760036 -0.8719609074035832 0.0038497061816166744 -0.48956038390912027 -6.798832768499596
91 -0.48769114525138263 0.03069209670928216 0.8724765488421403 56.37953749688759 0.018931814773535383 0.9995186181692932 -0.024578817896434513 0.0034669925950802233 -0.8728109452075546 0.004530694274873261 -0.4880374376335469 -7.298899182483488
92 -0.48571709307595196 0.028686081283167533 0.8736452371739192 57.26978094970032 0.01969376356991121 0.9995667996386497 -0.02187164152327097 -0.035296351070258934 -0.8738942007152473 0.006581934330589349 -0.48607161810601374 -7.795497657211114
93 -0.4826872433775756 0.027585036669628336 0.8753582563641777 58.17713428918843 0.020147424313673435 0.9995890745520131 -0.020390274537041703 -0.0755700781937971 -0.875561031167152 0.0077940905494197025 -0.4830446632928081 -8.296489885960737
94 -0.48018673241901405 0.027162025207809127 0.8767456372903178 59.07441147387327 0.020201384549015614 0.9995977884050442 -0.01990390524436259 -0.1130941088596357 -0.8769336457441672 0.008153886293348664 -0.4805423072134128 -8.785667033635505
95 -0.4780710000803213 0.027267994733725744 0.8778978080758542 59.966157799655115 0.020716966698129856 0.9995899698556313 -0.019766117980141544 -0.1507381853521322 -0.8780768412700704 0.00873777361439832 -0.47843988764869966 -9.268207793929054
96 -0.47653312318033436 0.02753534724331612 0.87872519778332 60.86658035685742 0.020745160268332737 0.9995832818871193 -0.0200723905471113 -0.18895897932537606 -0.8789117326929339 0.008664137853160779 -0.4769057693399885 -9.756424613974538
97 -0.47750596884339847 0.028525851795185842 0.8781653099331214 61.752550896200354 0.0202693616567818 0.999564478262302 -0.021447767710362164 -0.22745230482942233 -0.8783946810571969 0.007558414900931601 -0.4778762063729983 -10.232842971384294
98 -0.4799502353603211 0.03033146435167457 0.8767712130084654 62.64185200067042 0.01935093273514357 0.9995250119226599 -0.023985243581060606 -0.2664899422466008 -0.8770822800360827 0.005454619183676093 -0.48030920779997177 -10.715140607487276
99 -0.4843982712333147 0.030749059924180012 0.8743070377869006 63.52325356729954 0.018569933445997087 0.9995183468650639 -0.024864267921941907 -0.3086997701238531 -0.8746504932241282 0.004191616811194269 -0.484735968234461 -11.195723701558341
100 -0.49007049933106833 0.029518566217958182 0.8711828431547807 64.40135096932967 0.01893582407107932 0.9995511239960869 -0.02321605160461193 -0.34431931995068593 -0.8714771098841966 0.00511906476100489 -0.49040947776654426 -11.683876210462056
101 -0.4948777230598945 0.02702273965561157 0.8685423404239215 65.27984566923384 0.021964240684450805 0.9995859975674979 -0.018585089765665995 -0.39406208756703454 -0.868684997025844 0.00987952785787182 -0.4952663773764232 -12.185006316379923
102 -0.5004149206052462 0.025353181523148603 0.8654144150982935 66.14431898907748 0.019765692651958534 0.9996451712374688 -0.017856342921772843 -0.42952856294252206 -0.865560071425069 0.00816993665679298 -0.500738483127769 -12.673603674502525
103 -0.5050420237042164 0.027455641018895922 0.8626579441391212 67.00649156888473 0.020972560324924724 0.9995891762521636 -0.019535362749216422 -0.4696232800055221 -0.8628399147791264 0.008225968371142171 -0.5054103564690424 -13.168338862058194
104 -0.5099309117093896 0.029789265406845976 0.8596993960405481 67.85814608733605 0.021715048503051983 0.9995274955613913 -0.0217541317572423 -0.5066839967980137 -0.859941238917856 0.007575311568180343 -0.5103368433663357 -13.665036061117675
105 -0.5149365230105694 0.030099227415134357 0.8566997142915291 68.70289443682022 0.020956256243129547 0.9995267051812929 -0.02252112159550714 -0.5454626986534187 -0.8569721261190838 0.00635627239941362 -0.5153235742749608 -14.158858264841333
106 -0.5182735041558906 0.030641188233883527 0.8546658289764879 69.55049720614312 0.02049104234836264 0.9995159639726665 -0.023408436769509378 -0.5857872022239557 -0.8549694172101497 0.005381022845232858 -0.5186505119223174 -14.657548538771351
107 -0.5216260935364356 0.02969012297768226 0.8526574352826036 70.38231386238141 0.020701837642453657 0.999540520925984 -0.02214002958298604 -0.6281210531033524 -0.8529230121699413 0.006102760354475707 -0.5220010582930854 -15.163113903166895
108 -0.524382049292028 0.022825269332261477 0.8511771027832826 71.20759197619819 0.022635791098354424 0.9996610391752089 -0.012861869209313943 -0.6627416111679428 -0.8511821776295351 0.012522535519633487 -0.5247209732654166 -15.67331177889675
109 -0.5260082595759097 0.014940153786827752 0.8503482166291673 72.04446402727034 0.02305369763267038 0.9997287680580141 -0.003304134504117618 -0.6947574475675509 -0.8501669542063486 0.017865670446996645 -0.5262100160308393 -16.195566376862537
110 -0.527778675908698 0.012016991755862275 0.8492969139557858 72.86219766135852 0.023421305191959858 0.999725599822702 0.00040924722948885024 -0.717708386592331 -0.8490589636922999 0.0201076360203229 -0.5279153078825873 -16.70882698670817
111 -0.5287080657091058 0.017706438306135542 0.8486190253634374 73.68099500683385 0.023418564290008406 0.9997060945711607 -0.006268595197806791 -0.7477039645403726 -0.8484806209869753 0.016559184165419568 -0.5289673358113082 -17.213207376311463
112 -0.5295994271133483 0.022819266238449692 0.8479408675276272 74.49021172262722 0.024046595235894856 0.9996402142969159 -0.011882894386125024 -0.7764533686668914 -0.8479069643127318 0.014096918545080281 -0.5299576113827773 -17.722262400954758
113 -0.5299272765621776 0.02746950607619486 0.84759807381627 75.29021784261235 0.030062131851877054 0.999455562486284 -0.013595837453931612 -0.8028316261084683 -0.8475100954158171 0.0182758017531902 -0.5304645571011323 -18.23686453062413
114 -0.5291880416935195 0.028334451828451446 0.8480313451176107 76.09848459057196 0.03332721989359498 0.9993651424018641 -0.012593987226329545 -0.8339873596812365 -0.8478498245531163 0.02159794152364427 -0.5297963920652722 -18.762211726446363
115 -0.5285015703146797 0.025339632655258255 0.8485540525562215 76.9082966000338 0.032771449116404366 0.9994183481297175 -0.009433848277661864 -0.8633172791155759 -0.8482995546174963 0.022822544185388448 -0.5290245837823118 -19.274925113390225
116 -0.5282310347661473 0.020303983198056808 0.8488578850920501 77.71016172372109 0.030826426342260137 0.999513585823454 -0.004724737515855466 -0.8828425566081426 -0.8485409344434587 0.02367150395109437 -0.5285999958536354 -19.77201191311267
117 -0.5270507417169699 0.014041848904605969 0.8497177937491321 78.52141099782962 0.029103402478282824 0.9995752298521893 0.001533552378177686 -0.9004799573733163 -0.8493353399713149 0.02553794075113403 -0.5272355327804447 -20.271461634184
118 -0.526987432972502 0.008125278481091989 0.84983422631154 79.32378282104102 0.020806020842587467 0.9997779420830193 0.0033430502922506475 -0.9178921937396712 -0.8496183655706092 0.019443415952038426 -0.5270394668571383 -20.75231494175243
119 -0.5254248506489645 0.0035459751187999614 0.8508326152783233 80.13228768320434 0.01339192594378195 0.999901906714573 0.00410283363230985 -0.9211286725348938 -0.850734620676875 0.013550019906154167 -0.5254207983380597 -21.2285167034542
120 -0.5234832527325821 0.003889201737869057 0.8520270799834933 80.93543393514067 0.016512875329470243 0.999848074249813 0.0055815175020204385 -0.9315901793674302 -0.8518759424134521 0.016991249701850026 -0.5234679449532655 -21.717537366897208
121 -0.5205512991798762 0.007218157065758061 0.8537998769557733 81.73140883430578 0.022194491942018283 0.9997407667313148 0.005079746520548776 -0.9444872286798808 -0.8535418921729482 0.021593924997824664 -0.520576559199745 -22.20018261632235
122 -0.5148994941608362 0.010573792734406035 0.8571853314687324 82.53930876778433 0.023901372759087398 0.999712269860048 0.0020252978870512976 -0.9537097028937691 -0.8569172933467003 0.021530732847201747 -0.5150040711308679 -22.68124809842863
123 -0.5071237254298514 0.01236841072130262 0.8617845067402129 83.3462300431798 0.028921062549697035 0.9995781251657512 0.002672785793845387 -0.9686199449751648 -0.8613878985203182 0.02627915861762824 -0.5072674911890488 -23.155802734918748
124 -0.49899622673970656 0.015324367693859977 0.8664686467825148 84.15044488481956 0.037139190021057124 0.9993031981768986 0.003714649353086117 -0.9876684389427677 -0.8658079803600204 0.03403354170899755 -0.4992176607843839 -23.61903428510035
125 -0.4888770354353449 0.015537705438782495 0.8722143143583687 84.96930314450661 0.03637695244585865 0.9993347908938063 0.002587080012647593 -0.9988665831365645 -0.871593927425913 0.032993264615709735 -0.48911704527983485 -24.06873263562874
126 -0.4780963369838057 0.013237849946083013 0.8782076280445283 85.78747809147356 0.03389808927071032 0.9994195480749218 0.003389161474685302 -1.0036781850440561 -0.8776530208860899 0.031389908223475475 -0.4782675637978563 -24.498960232255584
127 -0.4662211807548119 0.010458668379457307 0.8846063603371476 86.61788846969874 0.03601306133574997 0.9993256317907048 0.007165263544344 -1.0104390473702616 -0.8839348862820972 0.03519798274666673 -0.4662834256158863 -24.93053792549127
128 -0.45473924835359314 0.009900513269302197 0.8905695826537572 87.45121138245668 0.03629326128393023 0.9993136172415088 0.00742250112598784 -1.0176771961922004 -0.8898848400427912 0.03569697915056936 -0.4547864460330518 -25.34874640288461
129 -0.4432009790375242 0.009373474528061325 0.8963732569027816 88.28417219252476 0.03684710526062784 0.9992907158209914 0.007768915560785336 -1.0175848633288191 -0.895664667464144 0.036471952756795205 -0.44323200994772766 -25.75094845232229
130 -0.43068149372607706 0.011059937147578794 0.9024362105495239 89.12155598122851 0.04044590166836288 0.9991568068226748 0.007057220070109384 -1.0253933457451871 -0.901597245844881 0.03953926237114065 -0.43076567611671923 -26.148928946582487
131 -0.4183515923895061 0.014558604910763032 0.9081684741063356 89.95604513461592 0.04119200925066788 0.9991468697165261 0.0029582168032910323 -1.0316274209970715 -0.9073506364244665 0.03864686094734846 -0.41859438313185104 -26.526694101947953
132 -0.4068354109439981 0.0239543092501506 0.9131873436038926 90.79655727135678 0.04401002756478711 0.99900929733602 -0.006598579005803903 -1.045048957591015 -0.9124407268086879 0.03750486660239318 -0.40748658880884175 -26.895918793295554
133 -0.39369263505298985 0.028539990435797316 0.9187989785228053 91.63893796303456 0.044817299286262095 0.9989252083545999 -0.011825300517835119 -1.0596531261853988 -0.9181489710501975 0.036522557116419156 -0.394548583781046 -27.253248603211382
134 -0.3820884736802895 0.025684676268621393 0.9237687375215391 92.49040885172502 0.044163707078072656 0.9989790528602431 -0.009508883128933212 -1.0702532760296852 -0.9230698671679411 0.03716381933414401 -0.38283271305857636 -27.596852564782004
135 -0.369680102457563 0.021643899205704344 0.9289069641563659 93.35336011137082 0.045121742996018586 0.9989673345812254 -0.005319086607412267 -1.0934122797493844 -0.9280628560274586 0.03994754289569967 -0.3702749580528687 -27.934535816062535
136 -0.3595433326744748 0.02244092957895708 0.9328585000290944 94.20736592013787 0.04312387655397658 0.9990422365995717 -0.007412199206371014 -1.112640210758194 -0.9321313952026796 0.03756347004687259 -0.3601667161079669 -28.251780455535613
137 -0.3527306075321789 0.027211473433766842 0.9353291605733505 95.05780271297648 0.03936080123473445 0.9991238225213572 -0.01422373145952865 -1.1357815872480204 -0.9348967112241532 0.03179816174089293 -0.3534926193242357 -28.55944549230267
138 -0.34698133500850076 0.03266042768970357 0.9373031707810475 95.91784661606191 0.03427590109703877 0.999167422492788 -0.02212745756665778 -1.1546445307627495 -0.9372455018132204 0.024449097946517145 -0.34781191276015555 -28.86071036138427
139 -0.3434142000112062 0.03481178397712245 0.9385386572900788 96.777784566366 0.03228737332741787 0.9991597229433193 -0.025246257515226585 -1.1833437588469686 -0.9386289084159535 0.021633026590217846 -0.34424961902445866 -29.162092173241174
140 -0.34008902912986044 0.034879970631587 0.9397461487973351 97.63477349403716 0.032821107434045434 0.9991433291848593 -0.025206796674067673 -1.211185353235481 -0.9398203244089417 0.022270956216577705 -0.3409424850697562 -29.46316980803929
141 -0.334585813800387 0.034420447773139545 0.941736454739322 98.50852276890645 0.032353633797968885 0.9991631557885163 -0.025024596737110365 -1.2457069036213955 -0.9418097422794555 0.022095723240879613 -0.33541944518553124 -29.769208558682422
142 -0.32918611888567717 0.03143265398455976 0.9437417398544959 99.37031734250107 0.03174091749969295 0.9992493359876647 -0.02220987692740066 -1.276451905450111 -0.9437314387183221 0.022644047440827736 -0.3299367130138727 -30.063084833222014
143 -0.32324140900339127 0.027842168194094567 0.9459068607737573 100.25125580849289 0.03137873680886642 0.9993327735003037 -0.018691779860148916 -1.3077700562158527 -0.945796162811969 0.02363940710468253 -0.32389938686099845 -30.36280120994746
144 -0.3173108059490588 0.02545363389833582 0.9479799306795484 101.12448420557533 0.030678231545978943 0.9993920327384234 -0.01656535418681223 -1.3424424324903328 -0.94782525489499 0.02382598386388883 -0.31789876486571406 -30.649245898937423
145 -0.3115229008010711 0.02445707094990355 0.9499238484855673 101.99039512099087 0.026094730722697624 0.9995119034618223 -0.017176141131711255 -1.3734568003840097 -0.9498802885961769 0.019437247622193825 -0.31200904925851053 -30.91453708949273
146 -0.3047846243360483 0.02470624755453264 0.9521007919336794 102.86853528870104 0.01699578858451387 0.9996453973907342 -0.020499332105754012 -1.400144523976213 -0.9522696526701662 0.009933824348833739 -0.30509645010350966 -31.174302365177073
147 -0.2976487026665989 0.02813054000344065 0.9542609215289932 103.73008919904602 0.020463147650867604 0.9995241254408379 -0.023082075617162284 -1.4327326528321105 -0.9544561409082254 0.01265683411034833 -0.298082699650097 -31.436383140735593
148 -0.2908523979092916 0.03162775208344012 0.9562450270237746 104.58851459663308 0.02402116156093428 0.9993798164095802 -0.02574813214849617 -1.4696453278818953 -0.9564663517451731 0.015481212172587838 -0.29143175240716057 -31.694226077041094
149 -0.2838033686637241 0.029976503970716762 0.9584138150405173 105.46333859182118 0.022857654206975817 0.9994386995648055 -0.02449108852602445 -1.5015197684225936 -0.9586100308520034 0.014956440006200339 -0.28432926331236663 -31.94780350177681
150 -0.27693277625138074 0.02553455826257429 0.9605499505103376 106.3328245513416 0.023452720939555183 0.9995286722896092 -0.019809167385391305 -1.5300440316265997 -0.9606030517642682 0.017041704101258985 -0.2774011060687137 -32.18748017271231
151 -0.2693164387647142 0.023277426275204374 0.9627703780371587 107.202106438726 0.024429313278256863 0.9995512860098671 -0.017333068070286905 -1.5592314858331535 -0.9627418554727603 0.018851740915885484 -0.2697642452895745 -32.42153969580583
152 -0.26271315503467796 0.025803123126960908 0.96452889046744 108.06506811614149 0.023328020859919085 0.9995200073801124 -0.020385245907198667 -1.5900414375840242 -0.9645919435169703 0.01714507969412371 -0.2631889914978396 -32.643827624181434
153 -0.25637378462213845 0.028582158822686297 0.9661550218500866 108.92532142119032 0.024527182037665237 0.9994332068894717 -0.023058236416003627 -1.6222342965936811 -0.9662664828304202 0.0177855346522834 -0.25692951458795316 -32.860633387749225
154 -0.24921619742211432 0.02918552084847973 0.9680079936407238 109.79113779192626 0.023326694684129044 0.9994367039520382 -0.024127579008598344 -1.6581168043345673 -0.968166911369006 0.0165674453069672 -0.24975661770798335 -33.07203168101413
155 -0.24241298392112062 0.028336495231078323 0.9697592338571764 110.66308965679859 0.023875469758158453 0.9994448778679769 -0.023235705431856803 -1.6896494319335615 -0.9698793343729712 0.01752082246438591 -0.24295496329573932 -33.27947685557605
156 -0.23399576224544258 0.028686668849661593 0.9718143040773938 111.52846742307655 0.028288183051320276 0.9993423012451584 -0.0226879614557611 -1.7205779809455821 -0.9718260019615238 0.02218197602553597 -0.23465335831782047 -33.48423387393167
157 -0.22592858150883463 0.02956140667909665 0.9736952205730951 112.39317981332727 0.03332678766920767 0.9991888969516026 -0.02260250823907557 -1.7533773304581994 -0.9735736322824716 0.027343583227885923 -0.22673051792792298 -33.686578732080235
158 -0.21887536058131896 0.030181428564803527 0.9752859278844421 113.28021031971224 0.03578113227883106 0.9990975121953106 -0.022888242420203007 -1.782051812301374 -0.9750965610393582 0.029887164488595377 -0.21975775498430694 -33.89010627453374
159 -0.21167139400465873 0.029378489919843962 0.9768992314840185 114.15794553375464 0.030690225613836757 0.9992549755248045 -0.023400937811985052 -1.8084963750823038 -0.9768589188473535 0.02502795065124051 -0.2124153271798069 -34.07230706759659
160 -0.20539510859967466 0.027871689689438428 0.9782821686111718 115.04490317217963 0.02782550512073153 0.9993566049993111 -0.022630008021038994 -1.8318972030301561 -0.9782835003233502 0.022573104478521882 -0.20603850331897017 -34.24979997509885
161 -0.20078902964205786 0.02803316563541036 0.979233317610662 115.932761711082 0.03176023347423402 0.9992512935775412 -0.02209388607553404 -1.8598578264722005 -0.9791195379256024 0.026664470826096163 -0.20152903855368828 -34.43448166694452
162 -0.1955566228947348 0.02831693824397057 0.9802835004937761 116.81150707748137 0.0343987251852979 0.9991660118937966 -0.02200018924927578 -1.8878580157588718 -0.9800889507504612 0.02941822202918586 -0.19636759863724795 -34.60927803579467
163 -0.19098132007449972 0.029619047535207877 0.9811466916173289 117.69740479858294 0.035836233455749045 0.9990886920379725 -0.02318511929040405 -1.9178010970677721 -0.9809393030254493 0.030732679223481017 -0.19186871344449524 -34.77993165583482
164 -0.18474938363227844 0.02866585773048375 0.9823675060183574 118.57443512703962 0.041627273392611776 0.9989057194443922 -0.0213197961381347 -1.9442006418400906 -0.9819036876664033 0.03695446362349579 -0.1857404985365066 -34.952010879391665
