0 1.0 1.1976249852940768e-11 1.7046379585661242e-10 1.6653349339844288e-16 1.1976249852940768e-11 1.0 3.562503070320133e-10 -1.1102230246251565e-16 1.7046379585661242e-10 3.562503070320133e-10 1.0 2.220446049250313e-16
1 0.9998681113867548 0.001006967574093154 0.016209437514153553 -0.0038297114475311428 -0.0009989126912555225 0.9999993735682304 -0.0005050134082641899 -0.004220254223711815 -0.016209935833233297 0.0004887557215353425 0.9998684908925928 0.11619530496726042
2 0.9993352550879168 0.0032921812985798136 0.03630715497794282 0.036119973808056 -0.003273122472077126 0.9999944725845508 -0.0005843593881459299 0.020524160039742216 -0.03630887840135001 0.0004651339226058361 0.9993405070202441 0.33829249575967557
3 0.9980386010141281 0.004192779732714007 0.06246095977428099 0.0005193130248237199 -0.0042453474672586484 0.9999907371906751 0.0007089185966491657 0.018798710959814887 -0.06245740961454734 -0.0009726958417808383 0.9980471561139529 0.39888631376823114
4 0.9952763057640728 0.004182606535143063 0.09699268504342513 0.21506765724343524 -0.004397211026644079 0.9999883343305643 0.0019989361655925993 0.03895628095288085 -0.09698319413664813 -0.0024159903275217665 0.9952830869020263 0.6222511120052054
5 0.9909937129235747 0.0015425870615031342 0.13389951920792942 0.3808530602748993 -0.0019881454212569384 0.9999929230739205 0.0031939133982667256 0.03983039100958042 -0.1338936467003996 -0.0034313590080942247 0.9909897664823194 0.8902702184723901
6 0.9846615895272252 -0.001315679950122847 0.1744701201140356 0.5292391528170104 0.0006610634579491473 0.9999925230869903 0.0038100870158807873 0.03950511411433067 -0.1744738311526201 -0.0036363096737893536 0.9846550968640835 1.0610546852604676
7 0.9760297221367956 -0.0016344476562299896 0.21763113188980035 0.6796329920595606 0.000609827968043321 0.9999884130189042 0.0047751372176718905 0.03762330410634901 -0.217636418344742 -0.004527957425431476 0.9760194094037048 1.283342889488046
8 0.9641410441688418 -0.0010324922982412974 0.26538835703620167 0.8994051480291352 -0.0009483157959716292 0.9999726446979588 0.007335567642363825 0.051196730476790415 -0.265388675435128 -0.007324192922464648 0.964113690395176 1.5136960089578944
9 0.9500601703584965 -0.004745587716221055 0.3120306889306735 1.065496752616413 0.0003772976564666403 0.999901104143232 0.014058434271310899 0.06131195324626671 -0.31206655098835134 -0.013238629124635422 0.9499680035241519 1.7568955010107121
10 0.9327716512075624 -0.014653440175990635 0.3601698511047771 1.0643650846996662 0.007025911304273797 0.9997226553535306 0.02247774280224106 0.030296802911611593 -0.3603993420837791 -0.018436078952059336 0.9326159053918668 1.8828169227724532
11 0.9117346585120718 -0.020658781452061774 0.4102598260382197 1.216611556193305 0.010203636249611275 0.9995653775766169 0.027657579918046786 0.03245644473906413 -0.4106528965893416 -0.021030231233546234 0.9115491924648998 2.1622968861742944
12 0.8874479494718709 -0.022192086476837278 0.4603733758749741 1.4885025486184806 0.008572843758408088 0.9994621523518177 0.03165299883778963 0.010597761189185841 -0.46082821887243036 -0.024143678954898582 0.88716088650796 2.374952707874964
13 0.8591374123241312 -0.023580281436607776 0.5112014017975487 1.689442774298326 0.0062096163799347905 0.9993446548193886 0.035660924248919416 0.0332350700508543 -0.5117072915897051 -0.02746326862586615 0.8587208047514338 2.5870471984607963
14 0.8270837553271102 -0.028849526437838464 0.5613378320896996 1.946466048274769 0.007903895021392245 0.9991801300066236 0.03970637489038064 0.032408275607402545 -0.5620231275741507 -0.02840374135894435 0.8266336772405565 2.808165868409222
15 0.792703007978792 -0.03465268808492414 0.6086223185679941 2.1807728978233936 0.010718799040878378 0.9990210204419937 0.042919785856543914 0.029172930143503514 -0.6095137859610269 -0.02749894196848486 0.7922984025283931 2.998509592014189
16 0.7544597790982625 -0.03879391127182726 0.655198799968109 2.479192074090112 0.011792256504718301 0.998891772466277 0.04556500342517143 0.0275257170356751 -0.6562403463893913 -0.026650688994239197 0.754081133093132 3.2386693272688265
17 0.7144588199298492 -0.04166393824446185 0.6984358976855554 2.783660253836655 0.012518922587963234 0.9988269015155693 0.04677710267919761 0.010382319363987199 -0.6995654937462791 -0.024676647467002554 0.7141422762859521 3.4956705325079533
18 0.672198251685191 -0.0427845362622377 0.7391339426460215 3.080904730072346 0.011243051006671995 0.9988036509653789 0.04759055129405542 0.020067478232320288 -0.7402858326927978 -0.023680163529865197 0.6718750959338335 3.7569056025225738
19 0.6328478234458929 -0.043336095642046386 0.773062484897587 3.4487862511999396 0.007732381233631975 0.9987364010508365 0.04965693758294685 0.0476379366391617 -0.774237594910977 -0.02544766976943996 0.6323832480342957 3.9276341478502315
20 0.5904616237739446 -0.043806618514487985 0.8058759460906857 3.843860148224412 0.0049541521663362224 0.998703738016917 0.050658661692885416 0.05566560945416238 -0.8070505181509778 -0.02591956229836878 0.5899132546589753 4.146068980286844
21 0.5511450273195059 -0.04460748687728198 0.8332162502235809 4.238289383190465 0.003132122879382015 0.9986735591004104 0.05139369727339313 0.06965571528569456 -0.8344035960215641 -0.025715643696504687 0.5505536813017871 4.331066547388232
22 0.513141300565453 -0.04667450676705459 0.8570341206782474 4.674811032875344 0.0021108624630712483 0.9985859247964124 0.05311962930360658 0.07507319521891659 -0.8583015571386023 -0.025448793171763563 0.5125142027745867 4.552850245255652
23 0.4765119271565653 -0.0463828394838023 0.8779436216251939 5.129562368479824 -0.00039807214684866227 0.9985958601426801 0.05297310268666352 0.10181284751783062 -0.8791679239498533 -0.025591798789469218 0.4758243731622403 4.736041653970712
24 0.4404094629491491 -0.04596162518959391 0.8966197748311964 5.567187292727433 -0.0012345190024187864 0.9986567921935996 0.05179852637943418 0.13026709537139713 -0.8977961879795423 -0.023919453936512024 0.4397611601114365 4.902809150290114
25 0.4068118979288127 -0.044899363931762803 0.912407865460898 6.112334828179947 0.0001594136114369234 0.9987948688368161 0.04907936979842152 0.1388398971334681 -0.9135119424553729 -0.01982061989066507 0.40632879287403967 5.006936217850307
26 0.37871293632887126 -0.04364544431412978 0.9244844902779561 6.716083297697384 0.0024126436573472117 0.9989306023049896 0.046171754305181105 0.1516904379459963 -0.9255110513065432 -0.015255387497686158 0.3784132415476614 5.0567195345099005
27 0.3547147433291795 -0.042518899880674046 0.9340072694576221 7.247712465592878 0.003177789777439077 0.9990144877666035 0.04427137734072053 0.18889492733868535 -0.9349691801819654 -0.012735629954320473 0.35450028277932577 5.240770715278053
28 0.33615992666472366 -0.04226077652369296 0.9408562672424193 7.785633478542991 0.004534489926252312 0.9990537860860761 0.043254720828537256 0.19968172990550437 -0.9417940102212302 -0.01027419894195706 0.3360334775655503 5.406391525440129
29 0.3229339291199932 -0.0428598974441659 0.9454505230760517 8.367764150186009 0.00567841788094549 0.999043814797299 0.0433498748481896 0.2301688560663136 -0.9464044847304414 -0.008630480661030376 0.3228685199138672 5.646895869143844
30 0.31340643828007797 -0.04441697036564086 0.9485797394232084 8.95541468505276 0.0065089157826180005 0.9989825348614589 0.04462655059650713 0.24980928887774345 -0.9495967851053909 -0.007812021031415576 0.31337666350227483 5.731167921711882
31 0.3035166709048997 -0.04595379960230877 0.951717323329344 9.50091628098171 0.005363256313541185 0.9989028797690933 0.04652173934545734 0.26939721100099306 -0.9528110420685424 -0.00901581790758138 0.3034301376568791 5.952216937654759
32 0.29538138707734357 -0.04728812049838153 0.9542083915348473 10.279709103123903 0.0040067252979124465 0.9988268199298724 0.0482589877910086 0.28158406267617614 -0.9553710265255848 -0.010431554259968908 0.2952243210547 6.170929504513656
33 0.28682899198001216 -0.04847092341160074 0.9567547666436869 10.907971318336624 0.003364005029140582 0.9987639601534942 0.0495906778513423 0.2804487820631124 -0.9579759020535241 -0.01100551470380335 0.2866375153703868 6.4619002851201515
34 0.2803561245503934 -0.04994489235404632 0.9585958145314323 11.470076462509223 0.002729959313067305 0.9986828887119769 0.05123509613895021 0.2743602264259325 -0.9598921850367989 -0.011747143837767985 0.2801232108809875 6.842497985659673
35 0.27201806192192585 -0.05159292180884232 0.9609080751048376 12.27074638248975 0.0026667553559666995 0.9985982841377675 0.05286166183079876 0.31064457960029823 -0.9622884591555952 -0.011816818456959869 0.2717743546119833 6.937019352541101
36 0.2641477646050095 -0.052743107407091074 0.9630389957772808 12.84758462230342 0.0020598922072769103 0.9985322069237644 0.05412197832805647 0.31118457064877664 -0.9644800317201226 -0.01231244148163698 0.26386869448143235 7.121577291847408
37 0.25634464308113825 -0.05555773771534057 0.9649874330683498 13.582426698216686 0.001656273796997472 0.9983705348532546 0.057039739210028334 0.35050325214539757 -0.9665840351852422 -0.013023546605276975 0.256018956265638 7.325781221714499
38 0.24364775294568877 -0.05881500416737048 0.9680787942537591 14.375865934172806 -0.00018509350559138654 0.9981567094606724 0.06068895330097657 0.39372021066382074 -0.9698637815089601 -0.014965910626455362 0.24318775209297877 7.432694613134662
39 0.23445139755004213 -0.06361883127850486 0.9700439013403466 15.035045041078938 0.00011934130094861761 0.9978581940033655 0.0654141449896441 0.4333811324714033 -0.9721278436873209 -0.015220669837313685 0.2339568395170567 7.668798903855104
40 0.22578729932899272 -0.06573718940797103 0.9719561211017057 15.9679454575566 -0.00025074900534144114 0.9977166895097577 0.06753772681225678 0.47584118522770125 -0.9741766006110251 -0.015492876395515496 0.22525527230676617 7.810096035893659
41 0.21541131817369646 -0.06655873905946208 0.9742524735003906 16.805410365238544 -0.0011255371019612958 0.9976568942962006 0.06840653750999072 0.5268661943244242 -0.9765227666745211 -0.015832098147085104 0.2148316713751717 8.126417746166243
42 0.19661028464757785 -0.06576923656117846 0.9782733703800237 17.561630709299724 -0.0028095180709595676 0.9977058147663111 0.06764032627387462 0.5715245549936583 -0.9804776995767169 -0.016047258936119465 0.19597444339230508 8.21101515837119
43 0.18063062519432496 -0.06488557764812067 0.9814083872822436 18.433498226717365 -0.0036819319056971885 0.9977699579332895 0.06664498762094723 0.6161290609804304 -0.9835441207704931 -0.015651603047141156 0.17998890603409107 8.42715736796488
44 0.1589352487624988 -0.06410944191033477 0.9852053337102021 19.208308734579404 -0.006395533455795472 0.9978017150816857 0.06596085573716472 0.6750513644579961 -0.9872683023634097 -0.016784417106118443 0.15817584872820675 8.497250740178892
45 0.13434811386215864 -0.06268798857761476 0.9889493332010069 20.025352302250937 -0.009906622035672047 0.9978621438896575 0.06459876622705622 0.7057052888180531 -0.9908846856484919 -0.01847586808531407 0.13343986971880412 8.644846201569639
46 0.10503294965890975 -0.06267206926195476 0.9924919517579179 20.90091803744441 -0.014345907754491053 0.9978128867508543 0.06452625775355392 0.7594770249352373 -0.994365270730316 -0.021015579614794964 0.10390414197697692 8.668512079608517
47 0.07049723482010715 -0.06226729420624551 0.995566626038388 21.778151001226224 -0.01697050327567352 0.9978304941563346 0.06361058820602628 0.7709324459502445 -0.9973676148761342 -0.021379635704693065 0.06928758233125733 8.737492425211629
48 0.03550716621261764 -0.061579008023792084 0.9974704254898166 22.65904814939927 -0.01870824985947602 0.9978839543359951 0.062270499058540756 0.8006226117183297 -0.9991943053678559 -0.02087197334043341 0.03427999495053431 8.753445984141976
49 0.0020771771646864554 -0.06074095911596031 0.9981513933044815 23.457740147652665 -0.019698404212732966 0.9979573949442837 0.060770146771612014 0.815734861645662 -0.9998038185321161 -0.019788218390904503 0.000876433336388093 8.725308830710366
50 -0.03155321013112909 -0.059506953193493924 0.9977290715177816 24.264623186336948 -0.021715313625763465 0.9980313159045983 0.0588382326879772 0.859849550185703 -0.9992661594349651 -0.019809462998260557 -0.03278330499152753 8.710833360993949
51 -0.06317410821806059 -0.05569511581332424 0.9964472233012978 25.175749704421104 -0.024259547064133302 0.9982322718966739 0.05425684960950368 0.893107052117991 -0.9977076343621186 -0.020745728646190748 -0.06441357286879895 8.587701819576754
52 -0.09421978054986561 -0.051609871260369866 0.994212772436142 25.94244105818538 -0.02095656699820902 0.9985369132162982 0.04984832245557708 0.9171372132696081 -0.9953308356421305 -0.01613858695572693 -0.0951634955745525 8.531367560409572
53 -0.12493574510631165 -0.04716414057443832 0.991043180814775 26.824852592694576 -0.016994768930742553 0.9988246803888428 0.04539202219907172 0.9669101584553298 -0.9920192812681505 -0.011171462080830913 -0.12559045036206531 8.382555301895781
54 -0.15497905609711035 -0.04209449708280763 0.9870205308835845 27.739356602958033 -0.012304470190409582 0.9990965621922092 0.04067750519105304 1.0267517669751018 -0.9878411355046531 -0.005840601631852021 -0.1553569936592133 8.259596657556758
55 -0.1845436636997306 -0.03675802298230245 0.9821366844601775 28.56048360588021 -0.007666190081175794 0.999323796565166 0.035960800089142805 1.0493762623225 -0.9827944252622677 -0.0008929069597619175 -0.18470066964698115 8.011192542491761
56 -0.2119515023778146 -0.030674442898426354 0.9767986600972514 29.411981068222712 0.0012059052880601406 0.999498319145443 0.031648946267674644 1.0789028844514046 -0.9772794497057753 0.007885970207050064 -0.21180818090805686 7.815048711023938
57 -0.23663491470900153 -0.021102550306628748 0.9713694368479266 30.296572415056403 0.007603673391430622 0.9996932678326489 0.02357020105214728 1.0898718691881961 -0.971568894857613 0.012963510323890834 -0.2364018752836327 7.535019612850842
58 -0.25983204957521105 -0.006287444295295952 0.9656333453014804 31.256756443259164 0.011426606445821918 0.9998887725448768 0.009585154200895979 1.086003294209186 -0.965586223295714 0.013524444334151056 -0.25973130598643546 7.410652043346103
59 -0.28296200585163256 0.006838096652367797 0.9591067340872801 30.60833328999951 0.009064175873933126 0.9999489950312894 -0.0044551134941214115 1.0377927712433246 -0.959088296077477 0.007432886069722079 -0.2830095561183679 5.584831445371761
60 -0.3104415101096238 0.02097790693791232 0.9503609736162107 31.37142659207291 0.010215416686315579 0.9997723591253177 -0.01873166232154147 1.0172141782977615 -0.9505376002415412 0.003893249567819993 -0.3105851400197309 5.438535512519416
61 -0.3352247252887196 0.03139259595291577 0.9416150342280816 32.21085846726405 0.013528484390649794 0.9995020639257453 -0.02850621498425651 0.9786607852772635 -0.9420410706413272 0.0031826379475620786 -0.33548250007456876 5.179821401423563
62 -0.358027600389636 0.035190570428646775 0.9330476116337285 33.01370439500274 0.017606579060952737 0.9993662897634884 -0.03093585662372816 0.9469760894166201 -0.9335449965295051 0.005351887784002531 -0.35842030121314333 4.855608247686074
63 -0.38132963550259824 0.0342584879849511 0.9238041187529653 33.790111241424796 0.020075480970829375 0.9993843115365287 -0.028774517932325158 0.9144577088775449 -0.9242211308151141 0.007573237341632257 -0.3817826118758272 4.524597479816389
64 -0.40160132409161453 0.031191497692016637 0.915283263229053 34.64447276129147 0.023436921278925823 0.9994425499645516 -0.02377603838890333 0.9018436637509913 -0.9155146647692235 0.011902935094342364 -0.40210848508937636 4.179153441887575
65 -0.42255353821235336 0.03042919709830662 0.9058270014599187 35.457853941379476 0.03064360883724475 0.9993444884571344 -0.01927595856395676 0.8886110877364045 -0.9058197891688157 0.019612685682382103 -0.4232090108847298 3.9567623531951805
66 -0.43679886066048906 0.03076384524333394 0.8990329952879864 36.18378773784877 0.033544735516847404 0.9992769764786423 -0.01789622714172567 0.8201458767601173 -0.8989335457557525 0.022340774311322982 -0.437515010835209 3.5869712976238786
67 -0.4476784864284784 0.03393447163915881 0.893550451876962 36.937834039229564 0.03573804324762933 0.9991602411510693 -0.020040077634456747 0.7542741687106171 -0.893480150039924 0.02296223495949286 -0.4485152970419695 3.2028204572405308
68 -0.4586866096089336 0.035765232473711155 0.8878780479903325 37.774842729065405 0.03741580787249971 0.9990808815233237 -0.020915291949077843 0.7054775603092945 -0.887810038670837 0.023627111995695765 -0.4596032083014649 2.87329995960614
69 -0.4695702007905238 0.03616794053076433 0.8821540072829167 38.58177834419303 0.03125614528873273 0.9992152499548559 -0.02432976753086474 0.6618612792615345 -0.8823417098987294 0.016148201812297824 -0.4703321769180524 2.583077430563501
70 -0.4837272515745479 0.03635308806309572 0.8744634842307806 39.41910954195913 0.030999617388174677 0.9992217375073217 -0.024391452677791813 0.6911037080467944 -0.8746696420260489 0.015309224870242983 -0.4844777175703662 2.327691124688723
71 -0.4958890030205379 0.03783326274247023 0.8675613680272476 40.17049221777633 0.03404388925072033 0.9991294420360003 -0.024111648773417965 0.6839512501208362 -0.8677183430948008 0.017578463479893877 -0.4967452952507029 2.0985615024086743
72 -0.5018899292309802 0.039997915756164584 0.8640061644189363 40.86004110928417 0.035492227688574435 0.9990411865552827 -0.025632192310023998 0.6417198087906291 -0.8642029930836405 0.017800966145956745 -0.5028283264938722 1.6331855597414588
73 -0.5035734462693711 0.04226249194640252 0.8629181030090209 41.600250545927864 0.034883512219019946 0.998982946282718 -0.028569451413731333 0.5912203739121665 -0.8632479002603579 0.015714798881728376 -0.5045355501209762 1.0640966687695275
74 -0.5028763494614023 0.043619429378785775 0.8632570353245596 42.369468638512195 0.03401618033384264 0.9989508719044821 -0.030660315387190544 0.5473132309753918 -0.8636887686888015 0.013946361294215018 -0.5038325350752137 0.6182415234099575
75 -0.4998538106383128 0.044283714289536036 0.8649769402094687 43.134067967527116 0.03555111635447414 0.9988994035899905 -0.030595744383424134 0.5049918424152525 -0.8653798580374171 0.015457498222215812 -0.5008780097548204 0.15379494643029729
76 -0.4942722632073217 0.0436960975982145 0.868208251078462 43.95057864533832 0.03511620594411513 0.9989243112848581 -0.030283202368998598 0.4741121556082819 -0.8685976022212292 0.015520034574618353 -0.49527502222368314 -0.27850354836248925
77 -0.48760521368211696 0.04316625206180282 0.8719964544227721 44.759660227011445 0.03403716685907133 0.9989575591769602 -0.030418188281952457 0.42761312304206334 -0.8724005041621262 0.014848223418976394 -0.4885661719799224 -0.6858521814892866
78 -0.4806094428387769 0.04270913702966976 0.8758941027365648 45.56841698007838 0.03332704320301598 0.9989813206428174 -0.03042415392359206 0.3910607481452101 -0.8763012521777703 0.014568826733910746 -0.48154322613353023 -1.0413493371409064
79 -0.4713879421525958 0.04122241976154757 0.8809620344234451 46.465147221890675 0.0310072098516895 0.9990641078980689 -0.030157274316723916 0.3652196964307005 -0.8813807202431586 0.013100400979276505 -0.47222496708384376 -1.6648583391582148
80 -0.46616539305526533 0.03951388139041483 0.8838147234604162 47.32505222238843 0.027221059221698183 0.9991697067908433 -0.03031354348833157 0.3269818776007161 -0.8842787193168323 0.00992724977447427 -0.466853949766448 -2.1196155819078863
81 -0.4635624196685625 0.03744686647819222 0.8852726140176459 48.33573955404819 0.022274770714948794 0.9992833097307954 -0.0306055786219715 0.2635411434616616 -0.8857842462482951 0.005531650138934614 -0.4640643103253447 -2.6306340530504193
82 -0.46258478874519987 0.03553548735519068 0.8858625899145715 49.26912109562495 0.019426344199277832 0.9993627758130958 -0.029944272149873996 0.20688373710090838 -0.8863621966428274 0.003357308482384006 -0.46298034410515065 -3.160249556334099
83 -0.4653963173905413 0.03383086525001083 0.8844556100825398 50.16954801739973 0.017954900981008274 0.9994244808861119 -0.028780696715429238 0.1365277122704049 -0.8849202803147631 0.002485884333465507 -0.4657359037146342 -3.512033657617195
84 -0.46516388251101004 0.03465560348090454 0.8845459498765011 51.22338916481683 0.018874577345248382 0.9993945096447258 -0.029229512269890824 0.10529744949708073 -0.8850233476925937 0.0030989192360218317 -0.46553634110002884 -3.9779087801783604
85 -0.465053630783834 0.03480130367981892 0.8845982001133244 52.01731461509501 0.01966761839167969 0.9993865560766577 -0.02897751342668081 0.1043442066081404 -0.885064019438686 0.003921843708180574 -0.4654528061853917 -4.428014737673809
86 -0.4661355799757398 0.03492526892902572 0.8840236606417302 52.92617774740567 0.01993160403970771 0.9993814563316343 -0.02897301960117537 0.0605282421658737 -0.8844887593665612 0.004114655980057388 -0.46654337235990756 -4.841168275597965
87 -0.4628064277238679 0.03440444638661017 0.8857914711591653 53.838289738067395 0.01834338185372881 0.999404292872341 -0.029233195118983264 -0.02115957520222725 -0.8862695662515763 0.002719102292805707 -0.46316182550012513 -5.385775989617455
88 -0.4619869363014464 0.03324567571286607 0.8862633816034907 54.82728789872719 0.01665113884869507 0.9994461626836698 -0.028811585189861634 -0.08714863785956134 -0.8867304119877426 0.001446720339362626 -0.46228465002533764 -5.887005559189503
89 -0.46204606564619066 0.033012646760349 0.8862412674962755 55.80582526586038 0.01648462117095877 0.9994539835016242 -0.02863550413622425 -0.15049369568887425 -0.8867027144242307 0.0013784312238729638 -0.4623379828133137 -6.350914297524845
90 -0.46275158224726815 0.032205055537578936 0.8859028126006729 56.65444915873726 0.014889683472243146 0.9994812824111774 -0.02855631993077172 -0.2302033032630046 -0.8863629525921327 -2.366809008360445e-05 -0.4629910689111688 -6.698043988743869
91 -0.4621495944308227 0.03101846605737023 0.8862593260262718 57.55159668124117 0.015258384941306578 0.9995182779120882 -0.02702579842865544 -0.2754195588684671 -0.8866707096433709 0.0010329258559980757 -0.4624002594235697 -7.14700030108137
92 -0.45926454502541697 0.02957924404482281 0.8878069225888215 58.5613969665375 0.016188380870612366 0.9995581630868141 -0.024928194929856814 -0.32443977712577765 -0.8881520294045698 0.0029235222033052095 -0.4595404660299642 -7.714526478150163
93 -0.4569317903059744 0.028741090389655312 0.8890372739583351 59.45623248996551 0.016165975919394775 0.9995810968920125 -0.024006081108150668 -0.3943569161818881 -0.8893548299731823 0.00340301525250936 -0.45720500889959315 -8.177985806638807
94 -0.45465038186136225 0.028737239425750686 0.8902062609675021 60.4082055463784 0.016126596143132606 0.9995811155769717 -0.024031775844224702 -0.4426573162368106 -0.8905239898922793 0.003429942500650423 -0.4549233707198111 -8.657600895992024
95 -0.45242029162732317 0.02917351779827934 0.8913275331059838 61.27683156721434 0.016828473424173793 0.999566106097091 -0.024174407840415198 -0.4855479460577876 -0.8916460596244808 0.004062690774804139 -0.4527149359584151 -9.13739612237685
96 -0.4521906316023189 0.029392801610381495 0.8914368634912597 62.188116298505115 0.01734176347061006 0.9995576565545186 -0.024161010584653666 -0.5204759254168926 -0.8917527176134615 0.004533706320316245 -0.45250033202196355 -9.53574070121808
97 -0.45320568857714627 0.030824524782423614 0.8908728518798759 63.16756073502848 0.016886297643787126 0.9995194846006423 -0.025993322705746922 -0.5609398003404271 -0.8912460211513702 0.0032632241328524477 -0.45350842933409374 -9.859057188483856
98 -0.4570749418011445 0.03288821536974707 0.8888199191235917 64.12408773051506 0.015782221849439712 0.9994586887274125 -0.028866086873565046 -0.6133040034438235 -0.8892881605058736 0.0008335898540205472 -0.45734657206308565 -10.214193493538984
99 -0.4613999032003505 0.03392300942496152 0.8865434814989727 65.03907905923391 0.015118444340446026 0.999424262114101 -0.030373951168368336 -0.6551389503896304 -0.8870634561649011 -0.0006113781797855196 -0.46164712189323426 -10.647607468010479
100 -0.4675296202581638 0.03242395933489866 0.8833825484827486 66.04754824102345 0.014333516922524249 0.9994737606833115 -0.029099002922944525 -0.7383363723029823 -0.8838611981924447 -0.0009426654148147584 -0.4677483381234766 -11.133563046569748
101 -0.47356427377809013 0.03108358700378558 0.8802105857311705 66.97883753419758 0.019684341852658833 0.9995009514896349 -0.024705760923203476 -0.76511608848811 -0.8805392770159816 0.005626602064490635 -0.47393980314229556 -11.587569170894671
102 -0.4784661737119021 0.028903741338033844 0.8776301501415086 67.79794778002599 0.0171466613557041 0.999575089799036 -0.02357184395771391 -0.8038461957196259 -0.8779385659728693 0.00377009869849811 -0.4787584721716383 -12.021099986814676
103 -0.4829321908639341 0.030842749685995197 0.8751143982244032 68.80877216723778 0.0188853471427733 0.9995139039611324 -0.024805229661362456 -0.8495239381014548 -0.8754540853832755 0.0045475970036818235 -0.48327991642513474 -12.533154577230587
104 -0.48833358205389593 0.03280565948729174 0.8720401869144008 69.5764092099852 0.019262861487444723 0.999454882925796 -0.02681192139332891 -0.8706923025138824 -0.8724444209432611 0.0037048294143679304 -0.4886993149050111 -12.891565553347293
105 -0.49227062890954393 0.03383620078723082 0.8697842984005851 70.59631889349869 0.017973850985525088 0.9994262634613382 -0.02870687289812106 -0.9055750212220108 -0.8702566181063506 0.001501824669262342 -0.492596363042553 -13.426855802598306
106 -0.4951197445362214 0.03362920288730867 0.8681736586908864 71.41965103696205 0.01716914143159718 0.9994342066826783 -0.02892208608338792 -0.984080039951778 -0.8686550937335363 0.0005859021265127511 -0.4954169945813247 -13.94468622303394
107 -0.4996957363083024 0.03186604655711968 0.8656146444153212 72.19418846295319 0.015405594764111784 0.9994919643899248 -0.02790126773978361 -1.0761603492599316 -0.8660639996013354 -0.0006068344392999722 -0.4999327894235761 -14.41573704401644
108 -0.5023314594201908 0.026059841338063668 0.8642823473938097 72.97970991709487 0.017936040596422266 0.9996447131513541 -0.019716639820014342 -1.120099796984188 -0.8644891068782115 0.005597516526169876 -0.5026203989670746 -14.850269628536239
109 -0.5032116663520078 0.01853893049184107 0.8639643009867937 73.8566637429056 0.018987048738628342 0.9997657004739471 -0.0103940417914231 -1.1242144470905377 -0.8639545841046706 0.011173730967127565 -0.5034457646022624 -15.365667864401123
110 -0.5054756298476119 0.015122611810334486 0.8627083404908487 74.8626538338321 0.019095586504243003 0.9997975784359827 -0.006337246881754951 -1.1469886486929846 -0.8626295605492864 0.013270599670109878 -0.5056620867459334 -15.902134976757827
111 -0.5061295922498998 0.01887129578390551 0.8622509475609036 75.66014247434218 0.01829966707398024 0.9997704915974258 -0.011139402399290383 -1.1931358286681646 -0.8622632837779816 0.010140925835312183 -0.506358770612856 -16.371583328824734
112 -0.5064645082020981 0.02388976816537666 0.8619297926428663 76.486752075216 0.019598763333463318 0.9996768090666908 -0.016191536599787164 -1.2053589265991995 -0.8620380518953479 0.008692321134636891 -0.5067690343081421 -16.872745494951772
113 -0.5061538405675251 0.028986408086720872 0.8619559526814347 77.26171268327575 0.025832501502490546 0.9994961519450043 -0.018442452954737672 -1.1924737173537796 -0.8620562534088204 0.012931761826792015 -0.5066476083029609 -17.246425279450737
114 -0.5060861553274411 0.029777908463922344 0.8619687152625071 78.20782577413233 0.028732483840196325 0.9994311740256261 -0.01765708673149414 -1.2375679969128521 -0.8620042112702064 0.015830496846659218 -0.5066538745834676 -17.807516141880505
115 -0.5038994481883352 0.027575121405624937 0.8633220403148261 79.13416193703587 0.02747098764628901 0.9994962916173283 -0.01589049516797471 -1.324866632634004 -0.8633253752122406 0.015709099161244033 -0.5044031465644104 -18.310016087050762
116 -0.5030369201978117 0.021758823230267614 0.8639909704426468 79.97232347862739 0.023025570378180097 0.9996655938053078 -0.011769606330846385 -1.4028207614884545 -0.8639581544188003 0.013973340165761194 -0.5033697117809799 -18.877393450384403
117 -0.5020337690109823 0.016646446092718797 0.8646877916679538 80.65727801024278 0.02272973409173083 0.9997233443643181 -0.0060492878952800215 -1.3978833234299883 -0.8645492851998327 0.01661717859203441 -0.5022732487588165 -19.253637905209587
118 -0.5007276539506129 0.011131868793252706 0.8655332948497912 81.54742780018279 0.013791115734001146 0.9998929824037156 -0.00488147962838556 -1.4539026920042413 -0.8654950227020624 0.009492379753102999 -0.5008275890968963 -19.72411386413387
119 -0.49727042427790097 0.006643951316990574 0.8675701524462118 82.2768347941118 0.005658905506922293 0.9999742447425042 -0.004414366390836578 -1.4991788948369869 -0.8675771519783848 0.002714365360504819 -0.49729521536921534 -20.140981779195045
120 -0.4946164967085222 0.007504386204276926 0.8690789329485374 83.06000952907519 0.008882497289701464 0.999954144210162 -0.003579204328242671 -1.5105289158592707 -0.8690659555939116 0.005949259486391658 -0.49466047429620846 -20.64880632820986
121 -0.4909039211330586 0.009645203583151334 0.8711603162042499 83.89134451674657 0.013733513537229756 0.9999001403510064 -0.003331652536426888 -1.5235566425993512 -0.8711054721566927 0.01032857246841472 -0.4909873631039148 -21.195776266745845
122 -0.48754743348668056 0.011078026676331489 0.8730262101665522 84.8571369052536 0.012714523935030867 0.9999035557682381 -0.005587487961727821 -1.541690160691398 -0.873003925444713 0.00837594897934863 -0.487641265118118 -21.658841490745036
123 -0.4792626669650042 0.012212981126871747 0.8775865343241702 85.79467304805478 0.01658430535719709 0.9998506713639687 -0.004857546817961856 -1.5458225907241063 -0.8775148260069314 0.012226124007605997 -0.4793936440713763 -22.132076350329683
124 -0.4697094237258096 0.015248191578646902 0.8826893767641687 86.6658520661634 0.02477796724467948 0.9996846367395585 -0.004084037933153445 -1.5931121151726872 -0.8824732985956125 0.019952939221902548 -0.4699391147658659 -22.599815570197084
125 -0.4599705026577852 0.01421818728900272 0.8878203453521774 87.37686587274243 0.021526101864277707 0.9997564819651747 -0.0048583610148020045 -1.64259867432783 -0.8876732376981675 0.0168766102703669 -0.4601645546425294 -22.928202269307587
126 -0.45010291538935343 0.011661067566184515 0.8929005379652253 88.04719101812617 0.01814601986432681 0.9998277010237673 -0.003910268315768855 -1.6819730831762327 -0.8927923056303726 0.014442569549415248 -0.4502369660356464 -23.264180116372543
127 -0.43829843075090325 0.008662010970542356 0.8987877617277108 88.81123355964513 0.018409579377997125 0.9998303126175949 -0.0006582757331017598 -1.7382862604255631 -0.8986409664860681 0.016257785264123987 -0.43838352197389563 -23.653855494256675
128 -0.4266200634433881 0.0075067994400560825 0.9043997759450267 89.58053887393423 0.01872626267277921 0.9998245052138091 0.000534629195456387 -1.7191815300098536 -0.9042370609484116 0.01716411316096806 -0.4266857691076758 -24.02679197564049
129 -0.41457505337859385 0.005967331649379701 0.9099955501012956 90.34691563719002 0.018573359258983558 0.999825684981843 0.0019052413188815791 -1.7177589809964566 -0.9098255708997276 0.017691541661021753 -0.4146136210830183 -24.387577458324746
130 -0.4035606066939336 0.008172654504079143 0.9149164057086615 91.26770315218603 0.02263562556098731 0.9997432258187636 0.001053967289363476 -1.7470708083633728 -0.9146728810633338 0.021135046755511103 -0.4036419768708439 -24.719948021233634
131 -0.39025358928146875 0.01052941984119866 0.9206471920311857 92.07305983411194 0.021565739437129 0.9997648033608115 -0.002292772927278133 -1.7351669360301993 -0.9204548165451327 0.018959676473274123 -0.3903888786562757 -25.109870978035822
132 -0.3788500152135232 0.020561763232811118 0.9252296280155518 92.9306757755217 0.025066640505142644 0.9996143452686398 -0.011950909022194652 -1.7408783280294609 -0.9251185567381772 0.01866479828266444 -0.3792193252353024 -25.443913700831878
133 -0.3664280175060008 0.025154426890991535 0.9301063096999802 93.84282110207987 0.025678577408235554 0.9995271270309432 -0.016915464810135446 -1.7742097347865853 -0.9300920026157465 0.01768550850588931 -0.36690067450422076 -25.777073463901917
134 -0.35238325722857927 0.02215164044864894 0.9355935705407489 94.64444192059761 0.02452702999400025 0.9995950312163376 -0.014429079230163398 -1.7614915463467262 -0.9355343284411768 0.01786276750517254 -0.352783867967729 -26.169285892910946
135 -0.33949385712389146 0.018304686759842603 0.9404301375759512 95.51267627207129 0.026504783992440814 0.9995997799902776 -0.00988818620382417 -1.8005759008270277 -0.940234775162581 0.02156892109683971 -0.33984314766794793 -26.369144482749732
136 -0.3301212027308102 0.020361035006061033 0.9437189220884741 96.42465953522212 0.02748821812328935 0.9995506967137043 -0.01195000081985556 -1.8204627503313202 -0.9435382369084446 0.021996204854082876 -0.3305325677764846 -26.612146223481307
137 -0.32222636498903645 0.024264018907406888 0.9463516318801052 97.37492380698733 0.02176305405069787 0.9995971369678252 -0.018219034220714265 -1.8531428327447228 -0.9464124652759968 0.014724850398571961 -0.3226246120763644 -26.91551935137019
138 -0.3177629958403558 0.029954421935252225 0.9476968898922915 98.33353007836787 0.016847930681678048 0.9995214302645725 -0.025943354513557535 -1.8685942295968694 -0.9480204855467829 0.007722895243864426 -0.31811559514188215 -27.172211288984
139 -0.31329108536420985 0.03303306546697772 0.9490824497412115 99.1130803313861 0.016362332736765225 0.9994342559829372 -0.02938438368816801 -1.9091350020349425 -0.9495161848339698 0.006323339153827321 -0.3136543418497686 -27.462016335707418
140 -0.3095627390864837 0.03222300727536501 0.9503328744835713 100.05869445784879 0.016454896264945798 0.9994575294320125 -0.028528638597058918 -1.9415461546414885 -0.9507366419589943 0.006806227140729462 -0.30992503768852064 -27.690037282357725
141 -0.30588672955772955 0.031482632705962584 0.9515472328977992 100.9007394212967 0.01259428614612962 0.9994994697993139 -0.029020575514859606 -2.0640459140247134 -0.9519846154707617 0.003107050946056678 -0.30613012633273295 -27.909978580922594
142 -0.29871028781500797 0.028512695755410593 0.9539178025289526 101.79543802065646 0.009470011227520853 0.9995929356715351 -0.026912484552338786 -2.1517841467269463 -0.9542968607219992 0.0009945780242510028 -0.29885871009796106 -28.16624381089455
143 -0.2950341594812085 0.025218500885156255 0.9551538387942587 102.79181559724344 0.009438026185487848 0.9996797830830711 -0.023478818955411474 -2.2086341914541796 -0.9554400996316734 0.0020877150681821916 -0.2951776984592773 -28.352718286840176
144 -0.28905771361845506 0.023726969177232597 0.9570175823294893 103.62081632997469 0.007350390564860762 0.999718344895253 -0.022565518498903436 -2.238122611559601 -0.9572834614723352 0.0005117175534037582 -0.2891507025645698 -28.667297439231355
145 -0.28290647607350405 0.022491420491154806 0.9588837497328928 104.46391421608699 0.0023221393688208003 0.9997381565984244 -0.022764575674593678 -2.294324353740423 -0.9591446966920865 -0.004213582490183054 -0.2828846281304599 -28.8734359179749
146 -0.27805019139435294 0.02099333967728493 0.9603371045701281 105.1850536601637 -0.011290120558697587 0.9996206632058483 -0.025120965178137562 -2.3296913947803906 -0.9605002030448448 -0.017827209299496286 -0.2777077004302167 -29.016126392096538
147 -0.2709295526572539 0.024869596093195615 0.9622778519170898 105.99381080919996 -0.005358197066104544 0.9996117476920477 -0.027343072422284932 -2.370750314695837 -0.9625842732392933 -0.012564119130526852 -0.2706911084808227 -29.23989559792717
148 -0.263277750709653 0.025348118167691055 0.9643869982680539 106.74840911225634 -0.010577546703042506 0.9995188125513997 -0.029159198905637767 -2.4325276086281535 -0.9646620949530516 -0.017877815250306343 -0.262882944904412 -29.4297618726166
149 -0.2568498788705818 0.022657547972665157 0.9661856750820808 107.803599396641 -0.015504185488355571 0.9994998972557738 -0.027560399998801735 -2.511276703234782 -0.9663269508710172 -0.022058805796543682 -0.2563701417625455 -29.67816683184447
150 -0.2503472173583264 0.02021278074981483 0.9679450902268703 108.61241717932336 -0.01312105467732824 0.9996193832870407 -0.024267808034715253 -2.553511828260707 -0.9680672108718333 -0.01877583710686504 -0.24998671906918873 -29.834552871055088
151 -0.24280623187805236 0.018772128116769437 0.9698931509966364 109.46851675340444 -0.012490612843300518 0.9996693662575177 -0.02247538168652593 -2.5953092438989542 -0.9699943992106824 -0.017571721013641534 -0.24249147760830578 -30.055909239947642
152 -0.23578316213493972 0.01887968318009549 0.9716222729797358 110.33547564999003 -0.023405746879538458 0.9994109193664659 -0.02509950820528043 -2.692781765006149 -0.9715237967729475 -0.028659584925913317 -0.2352023748053597 -30.20926246987925
153 -0.22931407842650714 0.021481522426933818 0.9731153995908282 111.19130633337576 -0.025162924866280054 0.9992914709440088 -0.027988986442749497 -2.7571142084225566 -0.9730271820129044 -0.030904696868664337 -0.22861106585849972 -30.464626763703677
154 -0.22236336750956642 0.02234325757295502 0.9747077997414977 112.0969489943439 -0.025933791084140994 0.9992480782141674 -0.028822156723613847 -2.813862809365308 -0.9746188935261428 -0.03168685883165771 -0.22161672333176852 -30.583093462479923
155 -0.21560677373318032 0.0208640675826025 0.9762573395405213 112.9927687947273 -0.02941538936222108 0.9991792099092821 -0.02785033958565973 -2.8951614289683545 -0.9760371255224183 -0.03472171020969354 -0.21481608221526804 -30.782278350481437
156 -0.2070456212737119 0.022064592583439617 0.9780824339578292 113.98920128238467 -0.025584109951346096 0.9992816269108764 -0.027958603124720746 -2.9990428590285667 -0.9779967180418967 -0.030812073433202757 -0.20633238336809834 -30.978317080377078
157 -0.20000572692086116 0.021684304093809538 0.9795547372481621 114.8451193518123 -0.03165986395269214 0.9990899736540241 -0.02858107109533901 -3.0671932310516676 -0.9792830942825748 -0.03672894621750101 -0.1991371953834366 -31.15431878350938
158 -0.1935217574002598 0.02163736165545067 0.9808573479705851 115.80566473701879 -0.031438971878999536 0.9991065686852776 -0.02824279595120622 -3.143900929436683 -0.980592135927146 -0.036302740683462384 -0.19266860365959307 -31.235376886546916
159 -0.186991541497783 0.02084665239959683 0.9821402972750604 116.66150702160978 -0.03910559917692561 0.9988243834823893 -0.028646171800165217 -3.2032119697768673 -0.9815828707555919 -0.043763775288905966 -0.18595649138282555 -31.36894065256723
160 -0.18116334992636282 0.0178953854132615 0.9832901803805598 117.55579602467023 -0.04615894615735901 0.9985778059961763 -0.02667802775533082 -3.299815279730142 -0.9823691816326603 -0.05022071809443831 -0.180079669426108 -31.491340670569304
161 -0.17619796689268122 0.01816083871723943 0.984187199360111 118.53330425334043 -0.04221994894960543 0.998770280174752 -0.02598852523055148 -3.3394755833195955 -0.9834489153440585 -0.04613145730747744 -0.17521454413852858 -31.693563013650223
162 -0.17270313922571273 0.017797213451606023 0.9848131131654138 119.24749828374176 -0.044319469005199806 0.9986836892597685 -0.025820022702823752 -3.380489743356321 -0.9839763346301537 -0.048105591923948116 -0.17168704624140935 -31.870148236254177
163 -0.16842576195634415 0.018733158220006995 0.9855363080277101 120.17525001406885 -0.04653410155370993 0.9985535452234119 -0.026933154636735953 -3.427291848415197 -0.9846153344712162 -0.050397282459028504 -0.1673104120854879 -31.98176015508021
