0 1.0 1.1976249852940768e-11 1.7046379585661242e-10 1.6653349339844288e-16 1.1976249852940768e-11 1.0 3.562503070320133e-10 -1.1102230246251565e-16 1.7046379585661242e-10 3.562503070320133e-10 1.0 2.220446049250313e-16
1 0.9998709349029067 0.0007817169143977979 0.016046883550153455 0.004213147535059476 -0.000775063349601717 0.9999996110831023 -0.00042084673525885397 -0.002767248870484724 -0.016047206230244443 0.0004083557981510818 0.9998711518988843 0.10862476059086784
2 0.9993265104407556 0.002782871390700889 0.03658935883643626 0.023060465492743615 -0.002776027586428195 0.9999961185451675 -0.00023784593430065576 0.0019824369795563342 -0.03658987900638437 0.0001361134247154746 0.9993303568886759 0.24766539722847933
3 0.9979827892437669 0.0038121478776496085 0.06337049718803932 0.04935325082919451 -0.003870852805606464 0.9999921853123699 0.000803629176937562 0.002354074831024022 -0.06336693917328202 -0.0010473051940181985 0.9979897465167007 0.39890337525270947
4 0.995289548846214 0.0034203743203156563 0.09688660879309145 0.09931336302904366 -0.0036757196427011423 0.9999902257172347 0.002457144975134893 0.0016051207603310302 -0.09687725877891772 -0.0028016979491700665 0.9952923928410908 0.5746285571609061
5 0.9910349029775777 0.00029063471407117996 0.13360290598641353 0.17759967358186163 -0.000898895607368259 0.9999895048550846 0.004492456666826488 -0.0004702451967405646 -0.1336002001126116 -0.00457227562734158 0.9910247630350119 0.7619271186329184
6 0.9848015894940689 -0.0023341334052422607 0.173667443331924 0.2523646071463913 0.0014184966066671952 0.9999844338532684 0.005396287106339691 -0.007089442347188269 -0.17367733831863916 -0.005067924611588723 0.9847895707086091 0.9473465922389898
7 0.9762404082798743 -0.002675707459948114 0.2166737301109301 0.34337421870448853 0.001351831817610205 0.9999795049083955 0.006257979685644129 -0.004546142192717501 -0.2166860372985093 -0.005816385337935205 0.9762240170250767 1.1541720754525928
8 0.9645269034734344 -0.0025004531027790124 0.2639727246626011 0.4374385104423932 0.0001709586579090151 0.9999608467537274 0.00884735722188928 0.0012054745999490035 -0.26398451590938776 -0.008488384759077629 0.9644895663155736 1.3611141914041438
9 0.950473392753827 -0.006342223772644379 0.31074121808785216 0.5783678053044207 0.0015447210763216207 0.9998758277507349 0.015682567016145527 0.00492687216062444 -0.31080210004414277 -0.014425853295169344 0.9503651669853829 1.5847321834643968
10 0.9333657308525002 -0.016193606677108504 0.35856126093582574 0.7141946878867588 0.008120664534999152 0.9996787492228854 0.02400943845902466 -0.00495913808093771 -0.35883487812547277 -0.019497830481435812 0.9331973888737793 1.7975536220744375
11 0.9124335528020565 -0.021882340311225167 0.4086394163204403 0.870152752774425 0.010987990698651761 0.9995193380652114 0.028988909282246577 -0.007018761267069794 -0.4090773508290264 -0.02196032647671752 0.9122354232681804 2.0155621648208504
12 0.8879023874383228 -0.023577609597543164 0.45942729964775386 1.059950035425625 0.009490227701171786 0.9994119995450268 0.032948303602863376 -0.0037863431383370226 -0.45993400605620544 -0.024894806816125117 0.887604056854935 2.2501235780650006
13 0.8597132541980324 -0.025464702069949476 0.5101418093554689 1.2372385678712572 0.007371165148181729 0.9992710047336415 0.037458310018012274 0.010332628891644512 -0.5107237916139316 -0.028443065129555897 0.8592742313204512 2.460706796647307
14 0.828343961633327 -0.03091610165248128 0.5593661333692701 1.4660606190444747 0.008724137496255429 0.9990669036889573 0.04229907017866461 0.013308408843262438 -0.560151922629042 -0.030158191324823214 0.8278407527025172 2.672594977231563
15 0.7927040302846899 -0.036645036919748804 0.6085042776786006 1.7018715723821833 0.010910419041127727 0.9988845614361126 0.04594121932844011 0.01669833253876418 -0.6095090564666238 -0.029778752023116986 0.7922196297410664 2.8784445450324303
16 0.7551029022664499 -0.04130854807364461 0.6543036024472499 1.9663912881562733 0.0121579458414142 0.9987236953564678 0.04902208312199868 0.025499295320962373 -0.6554935538543532 -0.02906172838659116 0.7546413873627551 3.085617384309007
17 0.7156245617276475 -0.04471905889022444 0.6970521391984378 2.264383386839464 0.013154334984124955 0.9986342861221238 0.050562100395392245 0.03651858204118758 -0.6983612667761364 -0.027014222439697755 0.7152354721152123 3.298061353540054
18 0.6739852021716275 -0.046007597480124444 0.737310816114945 2.559526952355455 0.011591509223130913 0.9985945819488727 0.051715546611773605 0.05096420389589053 -0.7386539067630824 -0.02630896680929629 0.6735712679529119 3.4946148665594623
19 0.6319669622413089 -0.04632720797779848 0.7736094226448039 2.8947446972573125 0.007629685422349231 0.9985352683028035 0.053564034623348994 0.07235189344237217 -0.7749577777455077 -0.027948302484788048 0.6313947614466648 3.7081411959707378
20 0.5903803610864212 -0.047053104729826094 0.8057524582939151 3.2293904680021748 0.004917092136056547 0.9984904238542249 0.05470553563240397 0.08681507949551463 -0.807110192644879 -0.028335113546022767 0.5897205006175883 3.9103725649516505
21 0.5507207427765061 -0.047938234122694906 0.833311813095385 3.604567158699591 0.002818703947731233 0.9984505145417248 0.05557539810416063 0.10459217937482307 -0.834684809241357 -0.028257663938292828 0.5500025318451123 4.106895629984012
22 0.5126240564195431 -0.049941376756648864 0.8571595088425112 4.019462017189121 0.0015164146361140048 0.9983580768046163 0.05726125147790352 0.12024468622670123 -0.8586118391617773 -0.02805368446642773 0.5118580980627402 4.300614467171098
23 0.47542426461814036 -0.04976916163478882 0.8783477593888326 4.432176182268876 -0.0012691985875248426 0.9983587095352029 0.05725623276332786 0.1427543374398007 -0.8797557453357905 -0.02833579875390982 0.47458078747104904 4.497759616274913
24 0.4394436546970751 -0.04928058185040632 0.8969173235326303 4.8897600697484025 -0.00244435586974385 0.9984246649096232 0.05605545101241736 0.16708319203655964 -0.8982668388228244 -0.026825596010402304 0.4386309235020398 4.685973643129035
25 0.40593473587006196 -0.04831737158000761 0.9126239137472056 5.3860482141779915 -0.001030188735934574 0.9985766132716183 0.053326223405085686 0.1891271580292488 -0.9139014955977113 -0.022587139859636444 0.4053071568171172 4.871932210078879
26 0.37673699942448613 -0.04681828970085823 0.9251363503333283 5.8925473377515685 0.001135926596205752 0.9987445236361148 0.050080796140381266 0.21211847881021706 -0.9263195766278478 -0.01781640039393229 0.3763171962250066 5.041340206922571
27 0.35161033406778563 -0.045225779181461305 0.9350533606263964 6.4337213201287575 0.002202270915891051 0.9988695587580236 0.04748425586210255 0.2362235120019088 -0.9361438662885524 -0.014636712717925153 0.3513124577084911 5.2093128545334695
28 0.3312337573999814 -0.0449502427953638 0.9424774048801204 7.0014706239262825 0.0029557082243522746 0.9989091218672741 0.046602896951689565 0.2611574906996329 -0.9435441046319895 -0.01265076289119799 0.3310052805760235 5.384566417615357
29 0.31670721448672706 -0.0454441853962591 0.947434088052361 7.589106475768158 0.003535726985922222 0.9989012563746013 0.04673091708740396 0.28697426186539515 -0.9485167656496422 -0.011450148736357184 0.3165199117175408 5.564526334812251
30 0.3046753183250248 -0.04676502999121876 0.9513075039800194 8.202896200052622 0.004103219329190618 0.9988490742737857 0.047787973124352054 0.3083375697110464 -0.9524474420710971 -0.010656391000510043 0.3045165458658238 5.75095559343489
31 0.2944532866636027 -0.04834116485187122 0.954442443729476 8.84978232223237 0.0031678656466960237 0.9987637084029061 0.049608662206548394 0.33698077666561344 -0.9556606315078244 -0.011583886623509577 0.2942423938810287 5.942379851280739
32 0.28413242968252517 -0.04976922754402589 0.9574924390909441 9.51944053283101 0.0019190159389506202 0.9986793575154476 0.051340609774010365 0.36937220087787853 -0.9587831328785429 -0.012750087369767089 0.2838526992898278 6.142248870478776
33 0.2738711116598121 -0.0512407030007608 0.9604004315741583 10.212905702366568 0.0013156392055228704 0.9985987602752993 0.052903544597296556 0.399470098854809 -0.9617655117006403 -0.01322521053421958 0.2735547658789306 6.3358585116624475
34 0.2645849237555016 -0.052995619155358234 0.9629051182692557 10.931769903190002 0.0005638960311751296 0.9984972157450757 0.05479956323264661 0.43025423982820726 -0.9643622329960202 -0.013956158313329976 0.26421719273863997 6.524447904133831
35 0.254538713158365 -0.05432529506233731 0.9655354939285634 11.671285186994016 0.00011798152268554714 0.9984226426914857 0.056144568751886045 0.4633066875838251 -0.9670625863690684 -0.014177049359383907 0.25414362305951066 6.712051378568423
36 0.24390670737085687 -0.05545125740105636 0.9682120946690997 12.426606954253074 -0.00034355894073846585 0.9983589903420306 0.05726437224781 0.49633440086550445 -0.9697986474123783 -0.014299800829626052 0.24348740235081684 6.892442972677069
37 0.23422874877493297 -0.05822969513389825 0.9704360771707109 13.189809768540467 -0.0015218359839522405 0.9981814440186472 0.060261835258762386 0.5325138750607886 -0.9721803298739208 -0.015591897245038839 0.23371417365522018 7.07651185253447
38 0.2231716391738378 -0.061831493650504735 0.972816154156112 13.964808890552948 -0.0032003098162408402 0.9979343538614076 0.06416216451064577 0.5754900484465687 -0.974773919480252 -0.01743248695769887 0.22251276462152061 7.2572759487475915
39 0.210476212464111 -0.06573472162507198 0.9753864332554992 14.756739315432693 -0.0035257121535831534 0.9976792333474014 0.06799791651701971 0.6147384337497155 -0.977592629903273 -0.017750874167270076 0.2097559836008436 7.424713509716534
40 0.19830062469092613 -0.06808784624190134 0.9777734354957586 15.545146672550075 -0.004489703132068266 0.9975106567210401 0.07037280896388211 0.6553848375181022 -0.9801309716526404 -0.018344882876848736 0.19750129116520068 7.584555794338339
41 0.18392002612680292 -0.06884280750203008 0.9805274475760425 16.345786749180345 -0.005142272666965977 0.9974633150279748 0.07099642352392795 0.6951639469150498 -0.9829277683977482 -0.01809980199797842 0.18309946948875377 7.729550320428602
42 0.17029313985384265 -0.06831061462341649 0.9830228328728349 17.14085442844003 -0.006647856086856536 0.9974919085154452 0.07046771180623347 0.7375353302435865 -0.9853710313736352 -0.01853516066096906 0.16941190895728853 7.865114990999807
43 0.15392157590649827 -0.06769664450172974 0.9857612774792363 17.94570500011518 -0.007761348384525626 0.9975366023029527 0.06971720370100049 0.7780775034708436 -0.9880525932185994 -0.018381816990650845 0.15301698761755375 7.991040515261402
44 0.1329617165026874 -0.06669499101354348 0.9888745842448223 18.758157263905485 -0.010142627218145114 0.9975894856109361 0.06864652411072514 0.8196552831804369 -0.9910692842454127 -0.019157144384344002 0.13196474694576923 8.099133202338441
45 0.10827471582397585 -0.06551171355531905 0.9919600719814463 19.571833101304655 -0.014344417276899958 0.997619453108246 0.06745120046234349 0.8634350974496623 -0.9940175254060585 -0.021532347206603707 0.10707723443116522 8.187474522414837
46 0.07857449761978193 -0.06512161325712047 0.9947789738300785 20.395180725751302 -0.01801620073033122 0.99760840984645 0.06672988156858436 0.9052173595708737 -0.9967454449975371 -0.023165403054839384 0.07721333456644128 8.249039777430038
47 0.04526110108440881 -0.06502723150932939 0.9968564965594245 21.237741463721004 -0.020841818647948127 0.9976004741328542 0.06602206139996947 0.9472390536365332 -0.998757762755533 -0.023764531973839598 0.043797209130416744 8.281045130892755
48 0.01188865826320832 -0.064789736692056 0.9978281077329303 22.068540342111884 -0.022429027714695265 0.9976302925589445 0.0650441240654018 0.9848882337990844 -0.9996777560159422 -0.02315360009566346 0.010407313814634028 8.292892898286263
49 -0.022251847460727177 -0.06417333878049451 0.9976906437295657 22.917409238034868 -0.023790679019342283 0.9976891395559573 0.06364263036440718 1.0196836700267318 -0.9994692972779861 -0.022319570201589877 -0.02372715485891719 8.270270571164962
50 -0.05437461839206923 -0.0625957591241095 0.9965566489253989 23.746939789495862 -0.026105237677932002 0.9977811191977597 0.061248303996107686 1.054987598389415 -0.9981793098958005 -0.02268499346332117 -0.0558880457731271 8.230825786768715
51 -0.08677882676968436 -0.059673944213243235 0.9944387554477353 24.57649579263929 -0.028432957993289744 0.9979461084992117 0.057403235496587955 1.0949277576289345 -0.9958217808874672 -0.02329344837720103 -0.08829730023307429 8.15683781268337
52 -0.11956467591643188 -0.0555079078624786 0.9912734956769117 25.41911163470018 -0.02609883385658591 0.9982665612592976 0.052751526594229624 1.1222908191723704 -0.9924833279043092 -0.019563861501240516 -0.12080611054994851 8.041194484989061
53 -0.1505367016506665 -0.050536431047037915 0.9873118825790624 26.234448664246628 -0.021802385452995093 0.9986193861321021 0.04779097866081689 1.143962032920324 -0.9883639887697513 -0.0143314562965289 -0.1514306843518699 7.890460198323019
54 -0.181804591735484 -0.04463804913557225 0.9823209852244789 27.054600135067755 -0.016147971525375365 0.998969956961236 0.042405991440478324 1.164092673765122 -0.9832020901534563 -0.008152885650266175 -0.1823381401373911 7.717119236655677
55 -0.21006067142623977 -0.039348909843135375 0.9768961873106506 27.86061806329232 -0.01041116220428056 0.999223139858635 0.038009531316690395 1.1805586649805184 -0.9776329262273459 -0.0021863152559874247 -0.21030715255428192 7.522117625471705
56 -0.238360481010966 -0.03330045293675159 0.9706056584796393 28.66653109994633 -0.0022335154299729567 0.9994281208036272 0.03374081715463233 1.1957868027030556 -0.9711741906936574 0.005874616498952048 -0.23829854569163234 7.289280251066938
57 -0.2662156350430494 -0.023350796081388056 0.9636306136332522 29.46330209566705 0.0039818861301246745 0.9996713610188941 0.025324188499604636 1.1978376309540288 -0.9639052837989079 0.010578764141298313 -0.2660351670022391 7.04060234909643
58 -0.29064935967433364 -0.008266995894666628 0.956793912112167 30.23667281495183 0.008016510970319184 0.9999065387649118 0.011074713061541307 1.191474359575862 -0.9567960602482162 0.010889008989229473 -0.29055592377243133 6.778085497747159
59 -0.3152123918316567 0.008857298481552266 0.9489798102641104 31.013292630133705 0.008551772433757461 0.9999423562585863 -0.006492405866878091 1.1754614634425187 -0.9489826292316278 0.0060689743810172095 -0.3152699684261042 6.513550162716613
60 -0.3410375862392098 0.023438512629440918 0.9397574076121569 31.786096714950148 0.007482943879757652 0.9997251316695683 -0.022218610345225105 1.1546134259075953 -0.9400198856277697 -0.0005452275903350153 -0.3411192358994964 6.22905986365032
61 -0.3652940453543218 0.03407855339045423 0.9302681856179457 32.552794453984504 0.010875301114117643 0.9994177165011048 -0.03234123910641384 1.1187140817455727 -0.9308286646789213 -0.0016971137404578457 -0.3654519562049967 5.921778293787342
62 -0.38956641956070165 0.03872808942827045 0.9201837450659128 33.31357937775485 0.01476851351469549 0.999249722013769 -0.03580340812604333 1.076816211980287 -0.9208799651160069 -0.0003580577438560646 -0.3898460937722689 5.588075060420424
63 -0.41174151802814146 0.03790922480613869 0.9105118330561929 34.058674747586814 0.01688045709115336 0.9992802309089386 -0.033971609467384846 1.0360264246375779 -0.9111443280665178 0.0013823355794486377 -0.41208508524923154 5.237049885378639
64 -0.43213540176290227 0.03442643865751633 0.9011513747801212 34.79713484987513 0.020905502161439108 0.9993849594716148 -0.028154266532729996 0.9988462939319857 -0.90156639703943 0.0066725684795651856 -0.4325893239471011 4.872475944463676
65 -0.45056359446835076 0.033040287960867026 0.8921327100708025 35.530569881695584 0.02812263495412695 0.9993442457920411 -0.022807800400487955 0.9630896144642896 -0.8923012821799885 0.01481275982004036 -0.45119731642141664 4.492152907616828
66 -0.46402369156678785 0.033595589049211776 0.8851854810889189 36.251824900308726 0.03159928565104654 0.9992723346045946 -0.021360861154427917 0.9233412013108738 -0.8852590084366605 0.01805928506209677 -0.4647476351594608 4.108855549334592
67 -0.4753030746201655 0.03707782395398296 0.8790405043431537 36.96447616607806 0.034758605634087496 0.9991229547105304 -0.023348675533852017 0.8854003137613676 -0.8791352794649602 0.019456526803234855 -0.47617498671403224 3.720242667051836
68 -0.485376671013655 0.039508694335936304 0.8734120084582835 37.6662142594036 0.03617666677322869 0.9990304815859116 -0.025086761157428056 0.850943719178866 -0.8735563798915403 0.01942060840917831 -0.4863353832143881 3.328773553567603
69 -0.49546756987467955 0.038809099936020684 0.8677590260774577 38.362591482420555 0.03005254701185734 0.9991692094946713 -0.027526989761480117 0.8119424749170346 -0.8681064130018457 0.012439639975827912 -0.49622225336905024 2.93979803952658
70 -0.507182827294509 0.0378791416083993 0.8610056543927451 39.061667041732775 0.02920019613349232 0.99921534654824 -0.02675891849703504 0.7871464852589338 -0.8613436832714103 0.011569871801752198 -0.507890943841631 2.5408632078954057
71 -0.5154689876659692 0.03907414929553814 0.8560168925446963 39.748557140251094 0.03116479340192495 0.9991537923155809 -0.026841290984702466 0.752954580431059 -0.8563413400736184 0.01284173828074725 -0.5162505325714635 2.121009264406914
72 -0.5226175095288763 0.04215231657082203 0.8515245784946239 40.43766605937518 0.03496212554090401 0.998996469055408 -0.02799472334379934 0.7161923408223835 -0.8518501045847003 0.015140578404676194 -0.5235667821998623 1.6901584189810248
73 -0.5267772775930241 0.04514952698994567 0.8488033971073202 41.135117240377426 0.03563462810290294 0.9988834263990108 -0.031017312680390447 0.6852169569688024 -0.8492560775065379 0.013907579625978266 -0.527797979524304 1.2586391499777936
74 -0.5261295961877107 0.04626693854397296 0.8491448670988171 41.85311988408048 0.03491093686212307 0.9988522583480012 -0.03279317644390409 0.6506719203280273 -0.8496875229207289 0.012390983917507335 -0.5271409584375806 0.8170890127695982
75 -0.5226976571377975 0.046893478174437286 0.8512274359860927 42.590736136600135 0.03698788432230784 0.9987932425535402 -0.03231029218395011 0.6134830117637192 -0.8517153678300441 0.014596589685329587 -0.5238013793274509 0.3630713303387896
76 -0.5168558284273741 0.04585459437951443 0.8548434918393024 43.345512206422384 0.035816361098327636 0.9988483650734296 -0.03192384387518956 0.5748392306647768 -0.8553228940998483 0.014117360189397287 -0.5179029448506071 -0.08047108013354731
77 -0.5093087132504983 0.044910229534559955 0.8594112476020125 44.129801550533884 0.034106351689301984 0.99890617912983 -0.03198752902117336 0.5392626661826052 -0.8599077879616251 0.013019856780184007 -0.510283345775282 -0.5337043176023346
78 -0.5019965309575173 0.0444323200989898 0.8637275255126207 44.92105028747865 0.032915934624044005 0.9989374429713552 -0.03225718867718334 0.5014256501396657 -0.8642430426128553 0.01223740371418123 -0.5029256633052507 -0.9798101115522508
79 -0.49547419781130986 0.04335005704980939 0.8675402458896667 45.728812327275634 0.030893369237300176 0.9990014619978098 -0.03227504624097104 0.46288164346426236 -0.8680731142664184 0.010809790254899294 -0.49631867826500403 -1.4303579376050894
80 -0.4905646659374964 0.041424927901118416 0.8704195943222824 46.55930344067557 0.02687761712678836 0.9991134718219976 -0.03240160603261707 0.4226831929682726 -0.8709901922528225 0.007499723285129294 -0.49124317084290087 -1.8795876691609925
81 -0.4891827066471186 0.038511659940962555 0.8713306593007042 47.396160022896346 0.022155399795159098 0.9992509849170434 -0.0317270761603504 0.38726356764482966 -0.871899897112034 0.0037843438166706967 -0.4896695435975702 -2.3355195965931546
82 -0.4890089207512671 0.03663706920616651 0.871509028554242 48.264803655754775 0.019967165325935617 0.9993259049664027 -0.03080662161175941 0.3457495993093512 -0.8720502282266707 0.002336853753579243 -0.4894108216368509 -2.8043591479219447
83 -0.48983127411064026 0.03564276163403408 0.8710883438113731 49.129868775347575 0.019210234657857896 0.999362603195123 -0.030089104076409173 0.3079674405993424 -0.871605588893817 0.0019952289864178033 -0.4902037639879 -3.2806081585792217
84 -0.4904093487017511 0.03520509871225961 0.8707808323666373 50.00084627933446 0.019717442228283505 0.9993761837807029 -0.029299585799874385 0.2689728426893126 -0.8712691352101576 0.0028007816543340076 -0.49079757884649083 -3.7619432482879422
85 -0.48997947600913233 0.034747197782077834 0.8710411767620703 50.8952244790125 0.019759803565029276 0.9993912520181579 -0.02875196544459495 0.23109738353257697 -0.8715099976777206 0.0031237312784143287 -0.49036780074498076 -4.257437338927419
86 -0.4897554858181991 0.03415191193882529 0.871190677920967 51.79572059597565 0.02030867525611298 0.9994082578977728 -0.027761334961292555 0.19309546107461878 -0.8716232756312008 0.004096464173691361 -0.49015925791621484 -4.749452332293598
87 -0.4900228943957819 0.033588151611981684 0.8710622166741707 52.69014462178154 0.02022676654933376 0.9994264648141626 -0.0271591477793055 0.1506831691065774 -0.8714748726614263 0.004310169605119594 -0.49042122967466856 -5.250045230502102
88 -0.4897344918655765 0.032610101928566455 0.8712615537262193 53.61463739782639 0.019263836072729936 0.9994610518971573 -0.02658026196544035 0.11208056069919067 -0.8716587892643948 0.003766570358320788 -0.4900987469970361 -5.717476454448759
89 -0.489757806494094 0.032112394679464404 0.871266934617517 54.52370091641196 0.019468962785456193 0.999475096068212 -0.02589385628176373 0.07109852885661336 -0.8716411321582606 0.004280946975108045 -0.4901259266611703 -6.213366502831762
90 -0.48882849396828953 0.031579636313872776 0.8718081304455718 55.434128327827494 0.018820984404995907 0.9994937506785622 -0.025651761484579507 0.030582750230405492 -0.8721768667263634 0.00386897699301206 -0.4891753856661902 -6.68797850136935
91 -0.48726899053129985 0.030426852429046688 0.8727216759925469 56.34469217154216 0.018825216484139408 0.9995265466790437 -0.02433708436274549 -0.010957024468722154 -0.873048999163208 0.0045704696584714846 -0.48761108444207574 -7.173581239782195
92 -0.4852264763566833 0.028424037278603098 0.873926385310162 57.23965161152396 0.019579722448979413 0.9995740925364867 -0.021639500115002947 -0.0499485064835726 -0.8741692707900065 0.006611179402051179 -0.48557635048756803 -7.665013655879557
93 -0.48240503408371005 0.027288132396196783 0.8755231162388635 58.1515541128965 0.020082031757573345 0.9995964662296977 -0.020090213230920737 -0.09166841118911115 -0.875718052811875 0.007890664767472928 -0.4827583694512757 -8.13222063747124
94 -0.48019098084421263 0.02678617106863532 0.8767548739911347 59.04466613307029 0.020059782430791807 0.9996075669070386 -0.01955293525860422 -0.13151220247297205 -0.876934569972086 0.0081983706021823 -0.4805398637254676 -8.585624938670236
95 -0.4780224703670989 0.02687072385712596 0.8779364829537908 59.940573240644035 0.020528787177097142 0.9996006974490345 -0.019416861794518823 -0.1700064984998016 -0.8781076811669041 0.008741276722583563 -0.4783832190971052 -9.067263029591384
96 -0.4766174589738789 0.027089786065945073 0.8786933067618727 60.8338532005861 0.020528926290633163 0.9995955105338123 -0.019681932614959142 -0.20861346113475732 -0.8788710792907353 0.00865787916646762 -0.4769807974052022 -9.540942947112319
97 -0.47771803612212155 0.02799938693703194 0.8780669099613693 61.72410210224113 0.01999315985054074 0.9995796173491012 -0.02099671653978958 -0.249554708738756 -0.8782856964180772 0.007524823639262768 -0.47807700891828503 -9.993007141417328
98 -0.4802226798084188 0.029775507857334467 0.8766410799440907 62.60947349163052 0.019107635682004992 0.9995416244261967 -0.02348274398245122 -0.2877956623900809 -0.8769384750515381 0.0054735938537702564 -0.4805714979705702 -10.470331785415203
99 -0.4846794445866219 0.03019251414473871 0.8741705979225958 63.48902062093074 0.01832588838207423 0.9995352262038818 -0.02436171916006895 -0.32919557705498387 -0.874499863181953 0.0042123299980326235 -0.4850074838756101 -10.94987145901931
100 -0.4903077549342652 0.028964597439873403 0.8710679329552964 64.36868728260237 0.01869209653767973 0.9995672007332657 -0.022716001254397072 -0.364278812677343 -0.8713489104686167 0.005144256029551368 -0.4906369600945543 -11.438850140757413
101 -0.49512593636439073 0.026512268742933266 0.8684166011179895 65.24622802102694 0.021742273441632598 0.9995993731635554 -0.018120890719746142 -0.4133225641937313 -0.868549131246306 0.009909229972017985 -0.4955040135628284 -11.939679033657654
102 -0.5006329604315709 0.024844556271686698 0.8653030529206511 66.11068540796478 0.019525762669744474 0.999657842424562 -0.017405247444660935 -0.44883148169782444 -0.8654394237231229 0.00818206323056963 -0.5009467749163645 -12.4273466810654
103 -0.5052751641409357 0.026957891786330693 0.862537110560122 66.97111343817912 0.020766799773201006 0.9996023337758879 -0.01907653800295448 -0.4883730484207809 -0.8627083870322635 0.00827323633636955 -0.5056340633490911 -12.92025470856829
104 -0.5101798383028792 0.029290801854028797 0.8595688268674497 67.82224008681172 0.02147672131723972 0.9995421382662912 -0.021313475436882126 -0.5256504363042229 -0.8597995670310095 0.007587016421283528 -0.5105753177986132 -13.417706283287515
105 -0.5151719016419241 0.02956397000495157 0.8565768325888188 68.66747933059708 0.020647111748653968 0.9995429696829456 -0.022080500416252896 -0.5647549158854189 -0.8568381532603764 0.006310585906802377 -0.5155468639865635 -13.911074967115738
106 -0.5186139681840797 0.030079678815277316 0.854479228348075 69.51474669410395 0.020173615544804843 0.9995332398496773 -0.022941831591826115 -0.6061264891446152 -0.8547704893865102 0.005339982825480224 -0.5189787166546124 -14.391309930580492
107 -0.5221211513870287 0.029166612586990576 0.8523724530952438 70.3447336105521 0.020431217913832518 0.9995560035719574 -0.02168780816566319 -0.6493740902219753 -0.8526265775996846 0.006091345669071629 -0.5224852418033189 -14.878436811513945
108 -0.5248747988273311 0.022338228253779936 0.8508862649995038 71.16888735171268 0.022394162433822647 0.9996719408001886 -0.012430294812350777 -0.6842549159405056 -0.8508848096005136 0.01253053850917893 -0.5252028556491117 -15.376476389986548
109 -0.5264859794561401 0.014449084652475111 0.8500610120799053 72.001543009907 0.022858376889021825 0.999734691102439 -0.0028358375654915164 -0.7152835357326087 -0.8498764734800484 0.01793798809342945 -0.5266765815720401 -15.897254217039709
110 -0.5282989584062863 0.011557378317114602 0.8489797550304522 72.81884227805841 0.02319952086607441 0.999730512904107 0.0008268986485547146 -0.738528835871981 -0.8487414240370298 0.020132775075679253 -0.5284247151976988 -16.411039639043093
111 -0.5292448366603116 0.017278851308599474 0.8482931869860665 73.63653002752186 0.023355341746408315 0.9997104495362799 -0.005791809891800496 -0.766595779559614 -0.848147653984944 0.016746893608653817 -0.5294951479581758 -16.914737595287345
112 -0.5301613105123758 0.022465920851186028 0.8475991117147048 74.44444623655515 0.024018522402667393 0.9996456808374244 -0.011472720939116663 -0.794873304876777 -0.8475565511977406 0.014275687265495034 -0.5305130633362283 -17.4239182247117
113 -0.5304741187396933 0.027113527950308903 0.8472674034237165 75.24514203184766 0.02997012532285943 0.9994633718632889 -0.013219676406101414 -0.8208166829715804 -0.8471711828038726 0.01838001588714 -0.5310020481460286 -17.942435804231117
114 -0.5297582678668826 0.027955565490908083 0.8476878263418427 76.05297218739503 0.03319497405825325 0.9993742731169745 -0.012212938933047309 -0.851661011104909 -0.8474988397429704 0.021669071876374353 -0.5303547690619649 -18.469139048383045
115 -0.5290133147523999 0.02501753250340249 0.848244671547371 76.86210714458909 0.03262678910979662 0.9994259171609451 -0.009128454876446595 -0.8806458715294652 -0.8479860951126745 0.022846427697810878 -0.5295258599554874 -18.983878007900795
116 -0.5286905690993875 0.020038450123904962 0.8485780633368691 77.66389680111662 0.030695781115914186 0.9995187408424193 -0.0044783566085340775 -0.8999366979891266 -0.8482594315633507 0.02368010345618133 -0.5290512287086674 -19.481603344594113
117 -0.5274399945900496 0.013831530277511496 0.8494796806060799 78.47523053293658 0.02897327424492774 0.9995787171226633 0.0017139451125146891 -0.9177737290714557 -0.8490981177601997 0.02551621284057982 -0.5276185387757879 -19.98008942395174
118 -0.527360747948489 0.007983754576806857 0.8496039595390101 79.27812475741675 0.0207879661480224 0.9997777509660921 0.003508432828905753 -0.9355786873364085 -0.849387140301089 0.019511749946250448 -0.527409509454086 -20.461054983568708
119 -0.5258401997072164 0.0033465472019791917 0.8505767877394572 80.08247415039973 0.01330132230438552 0.9999023347343154 0.004289031785356451 -0.9399293843229017 -0.8504793773911008 0.013569143112267574 -0.5258333577896721 -20.93336041985896
120 -0.5238914614872188 0.003631542497956453 0.8517772803342434 80.88138105197189 0.016308456179788905 0.9998503722826243 0.005767778942643441 -0.9520197964394762 -0.8516288998365148 0.016912864405864224 -0.5238722985580871 -21.41875184670045
121 -0.5209444453503048 0.006906468472992479 0.853562635263161 81.67608264708582 0.021893106799987364 0.9997464143381326 0.005272461937399802 -0.9652719886722716 -0.8533097848797391 0.021433799550233053 -0.520963546265641 -21.901839287338152
122 -0.5153478808289509 0.010177031671186651 0.8569206360123405 82.48292551373576 0.02346771727102263 0.9997220848116343 0.002240389828706008 -0.9753973660999751 -0.8566596992433636 0.02126455321618745 -0.515443490438937 -22.383316441833056
123 -0.5075748772692732 0.011858778488903857 0.8615260297170423 83.28844411729936 0.02823314478849812 0.9995972323336466 0.0028744738565498985 -0.9918500067689855 -0.8611449622243709 0.025782601751254186 -0.5077052540467607 -22.858445463520198
124 -0.49946476430899545 0.014722666007174806 0.8662090848803915 84.09164796041256 0.03628339880534972 0.999333789382426 0.003936027505304086 -1.012356611721678 -0.8655740735316421 0.03339491869798867 -0.4996662048630725 -23.3228425947213
125 -0.4893573936952636 0.014815501323424664 0.8719574693764203 84.90932186054798 0.035413397453549864 0.999368557911563 0.00289424994024586 -1.0248480519428327 -0.8713640142226121 0.03229530099946979 -0.48957306100526216 -23.771283235100015
126 -0.4786120957038128 0.012396467498109862 0.8779389360946575 85.72744855369085 0.0326203413400523 0.9994610741740177 0.0036707614148486544 -1.031887770740422 -0.8774203030109688 0.03039554053906414 -0.4787585372194133 -24.20240035354055
127 -0.4667447283920965 0.009709086901839373 0.8843387801259719 86.55402344848616 0.03476993215669342 0.9993680997753338 0.0073792217128874 -1.0384766646211556 -0.883708336210945 0.03419261421733541 -0.46678737752374166 -24.631892625949174
128 -0.4553561233072743 0.009115017262832942 0.8902627157977892 87.38598032861675 0.034952965627012146 0.9993597101268513 0.007645908224051132 -1.046975219690266 -0.8896230125734088 0.034598935235268115 -0.4553831612215368 -25.049580384961743
129 -0.44381040233417507 0.008541369504626336 0.8960799949391473 88.21858903964662 0.03539413221677095 0.999341375942062 0.008004353671548978 -1.0483975748333638 -0.8954214626134379 0.03526839125447856 -0.4438204134371588 -25.452852240643686
130 -0.43128349331870497 0.010163538409389512 0.9021592078144096 89.05531729655664 0.03891324293489698 0.9992155917493081 0.00734579254280543 -1.055700557528201 -0.9013769032016385 0.038274061533228355 -0.4313406881841587 -25.8521302937821
131 -0.41894115394731135 0.013717632050200566 0.9079097539402826 89.8883804781208 0.03984264557330686 0.999200557275245 0.0032878371586100613 -1.0618916053380212 -0.9071388466045498 0.037550938872653004 -0.4191527822077314 -26.22937476254446
132 -0.4074157643075218 0.023235117266007972 0.9129471558497799 90.72803816436237 0.04284648038139109 0.9990617669846522 -0.006305934087454499 -1.0738022504020153 -0.9122371337383035 0.036547437477866866 -0.40802905736187406 -26.600120828329427
133 -0.3942909228993198 0.0278242005563855 0.9185643509700328 91.56790314419572 0.04374626624152908 0.9989766901314381 -0.011482016335900392 -1.087881454036414 -0.9179438689564317 0.035656507865105526 -0.39510464698180603 -26.957844973785686
134 -0.3827236467065737 0.02495461786836663 0.9235257776814896 92.41862619178026 0.043066121383690106 0.9990303456312086 -0.009147547923166336 -1.0983418263526863 -0.9228585665478606 0.036271692378493876 -0.38342723664558237 -27.302488701377733
135 -0.3704006515249248 0.020912011153450278 0.9286366510812023 93.27981034855792 0.0439041385355695 0.9990233100744821 -0.004985226402337552 -1.1213784357010002 -0.9278339283219017 0.038924463135451524 -0.3709570097700035 -27.63997652846682
136 -0.3602687550425417 0.021768297085610934 0.9325945259636299 94.13299012737629 0.042033568555722635 0.9990910953525791 -0.007082530544001116 -1.1397903331950854 -0.9319010773523851 0.03664866352627622 -0.3608563053055033 -27.958258608728865
137 -0.35338896733245034 0.026725334644024403 0.935094636204299 94.98248386414376 0.03882618468618624 0.9991495340575008 -0.01388293615355852 -1.1622416682617935 -0.9346704124797789 0.031400082571485355 -0.35412606583867534 -28.26804696284793
138 -0.34763595910745704 0.03228422445184286 0.9370736113727243 95.84103746333983 0.03390857868635143 0.9991861771251191 -0.021844717424883302 -1.1806445627264492 -0.9370162555308643 0.024180826923953087 -0.3484477581937774 -28.56938268693507
139 -0.34408213680665223 0.03442555201348269 0.9383082376313351 96.69862726691109 0.03177565085721708 0.9991821528362869 -0.025006667388685597 -1.2101916532284818 -0.938401729589238 0.02121100930999654 -0.3448946255488396 -28.868738059406375
140 -0.3406869745989365 0.034468616435502246 0.9395447217087535 97.55737073228497 0.03241799050970238 0.9991641626166813 -0.02490080281478423 -1.2374829652999717 -0.9396177277081667 0.02197477460758584 -0.34151961999185154 -29.170406386279506
141 -0.3351350337143215 0.03382577547066104 0.9415626958958209 98.42625305699318 0.03160519299543328 0.9991964985795356 -0.024646885204823554 -1.2739321064502742 -0.9416398653504813 0.021498237926022647 -0.3359348234243519 -29.465157665131034
142 -0.32950128408412777 0.030499952109209322 0.9436623553250849 99.27984032646057 0.030050529389000196 0.9993105004924463 -0.02180571576535352 -1.3113465501643229 -0.9436767903298608 0.02117254390551992 -0.33019063384176245 -29.73520329482923
143 -0.32363017695512536 0.026576802989653408 0.945810322523877 100.14289531954407 0.0289427193450709 0.9994157382668596 -0.01817968797165008 -1.3455682993951192 -0.9457408962136337 0.021490828997522308 -0.32421029819988156 -30.012415889633605
144 -0.31773661964097183 0.02393049387999325 0.9478769730437405 100.9948361189841 0.028056362509773985 0.9994810137137544 -0.015828572372590728 -1.380698324166308 -0.9477638399641134 0.021564664808201572 -0.318243122327149 -30.27015473916483
145 -0.3118653524292351 0.022828548111517834 0.9498520112690556 101.85607046373087 0.023373422575740394 0.9995931006576066 -0.016349807230016323 -1.4115782384493083 -0.9498387760209588 0.017102355927867453 -0.31227203694941846 -30.523052582998805
146 -0.3051126050541765 0.021947400121811258 0.9520633349554269 102.72188208460315 0.010994691288948867 0.9997489502739569 -0.019523144483606376 -1.4502689077239093 -0.9522528185671225 0.004510886747336375 -0.3052773125361645 -30.755209021803104
147 -0.2978725795861114 0.025273797292368297 0.9542710020419319 103.58198095748739 0.014425918971617102 0.9996544854038443 -0.021972770616049055 -1.4820814528355357 -0.954496639456187 0.0072211520775359046 -0.2981342590475408 -31.004646916220178
148 -0.29111864914295604 0.02877472627057184 0.9562541142542408 104.43559871707455 0.01775692678319091 0.9995379018632606 -0.024671324624071872 -1.518907968838824 -0.9565221582787405 0.009797853408479431 -0.2914950755034526 -31.259261269899632
149 -0.284187512795845 0.02700590496398304 0.9583882941608092 105.29422404822827 0.016559221154785895 0.9995923754108794 -0.02325672346142832 -1.5490652730856644 -0.9586257170804235 0.009260895128512445 -0.2845188687697695 -31.499591692901053
150 -0.27731390490851043 0.022539489554820272 0.9605149416897673 106.15110948790038 0.016916772452510723 0.9996843549148708 -0.01857453416793287 -1.5770971724563523 -0.9606304371125085 0.011097837933165192 -0.27760766859120073 -31.721245898722014
151 -0.26975075619972494 0.02020689670009397 0.9627181282418626 107.0169782099898 0.017582110367385315 0.9997164806351031 -0.016057014423320342 -1.6071768218137827 -0.96276965820104 0.012595226445572214 -0.2700295575628252 -31.94913061169385
152 -0.2633166188233538 0.022679591880478613 0.9644428328852684 107.8669081871346 0.016026409274568117 0.9996884962737511 -0.019132814648148318 -1.6397695764577915 -0.964576346564872 0.010418569325234392 -0.2635980681794566 -32.159226526975964
153 -0.25707678374564324 0.02542291213849673 0.9660565129902694 108.72064368472965 0.01671663889765983 0.9996213246095433 -0.02185775242035136 -1.674744107141497 -0.9662463956967551 0.010530099016346517 -0.2574044217825155 -32.36144579921671
154 -0.25032707595848336 0.02588057257423111 0.9678153410894441 109.56379210929373 0.014883783500501914 0.9996273844260034 -0.022881548639216237 -1.7125764716413445 -0.9680469224438201 0.008676884650830366 -0.2506190020793823 -32.55604799292323
155 -0.24347953812891196 0.02490321905438678 0.9695862661904566 110.43375236922171 0.014879118146400607 0.9996485853758862 -0.021938951050199332 -1.7466013191745646 -0.9697919067723112 0.009084904753901099 -0.24376451484714418 -32.73786871139222
156 -0.2352367826817602 0.025096457518788924 0.971614021732604 111.2914233878452 0.01865841946829196 0.9995989653411859 -0.021301921036456048 -1.7803109755237916 -0.9717589904945194 0.01311778846198234 -0.2356107058625151 -32.93492105329178
157 -0.22738578081040323 0.025862080839498303 0.9734612692558141 112.14140513602179 0.023089387790137753 0.9995094305572448 -0.021160774085167863 -1.8155208938697684 -0.9735309974853561 0.017664967501664217 -0.22787137296254276 -33.119265824059504
158 -0.22029111735008464 0.02643291187882448 0.9750759498735219 113.02833380963433 0.02516141251204783 0.9994541246317206 -0.021409251158806496 -1.8455376304188664 -0.9751096057367383 0.01981802226124502 -0.22083595631143074 -33.319423131888406
159 -0.21336469511073103 0.025638594473338307 0.9766361413266255 113.8922521393108 0.020229252204084832 0.9995572158413236 -0.0218208519610388 -1.8703652436761398 -0.9767631752719822 0.015100821261904861 -0.21378887125552015 -33.485327549331934
160 -0.20714538614973027 0.02408263177965379 0.978013700822552 114.77610096068541 0.01715903941268896 0.9996326222590882 -0.02098065424063647 -1.89436596971091 -0.9781596867342157 0.012435731764079302 -0.20748252143215096 -33.65633687012735
161 -0.20265403452696815 0.02433455566784621 0.9789479837139221 115.65990519779139 0.021439361632346107 0.9995618220422634 -0.020408764104579688 -1.9192731886893695 -0.9790156855109255 0.016852103347232864 -0.2030869543946092 -33.82542894997972
162 -0.1977241070792469 0.024575525865203375 0.979949592636054 116.52651727452347 0.02375825699261193 0.9995121679705343 -0.020272426198373814 -1.9476326019986818 -0.9799697644061371 0.019273548806382598 -0.19821152364671693 -33.987307206752625
163 -0.19314428907566797 0.02600520897721031 0.9808256704321358 117.4123848136894 0.02552537521215814 0.9994435413239028 -0.021472374899128715 -1.9748298364135999 -0.9808382921223928 0.020888678598572293 -0.19370060603963124 -34.15198926179687
164 -0.18704931116610665 0.024921834586321565 0.982034337686455 118.28710359623089 0.031212003379231863 0.9993241938544106 -0.019415621861017317 -1.9994013657282805 -0.981854562826705 0.02701958235611062 -0.18770076354027487 -34.321773320216046
