0 1.0 1.1976249852940768e-11 1.7046379585661242e-10 5.551115123125783e-17 1.1976249852940768e-11 1.0 3.562503070320133e-10 0.0 1.7046379585661242e-10 3.562503070320133e-10 1.0 2.220446049250313e-16
1 0.999435992603191 0.0074261043180117985 0.03274980402891418 -0.5182473516699853 -0.006172071045678865 0.9992499987482483 -0.03822754949814663 0.8146475973141952 -0.03300912306895541 0.03800385547476728 0.9987322487850644 0.2603247492459987
2 0.9994141925046485 0.009878099409580924 0.032767285092540156 -0.960617823612156 -0.008671726937793597 0.9992866316224815 -0.03675634656099069 1.1230528592794218 -0.033106992458251334 0.03645066618421833 0.9987869021893989 -0.5818121457932536
3 0.9992406531628198 0.007011886947153889 0.03832689014492334 -1.1720848918089926 -0.005610690072765826 0.9993162513814553 -0.03654517590357935 1.001006493343009 -0.0385569344919625 0.03630238585219075 0.99859676525814 0.38792305714461595
4 0.9982024037049881 0.01764612809361099 0.057276307500457375 -1.697919867817643 -0.013217149187128886 0.996958575540282 -0.0768043333676998 1.7948427616847038 -0.05845740471171664 0.07590924139782554 0.9953996779710033 0.6934088314639515
5 0.9988598923318037 0.013658178945783552 0.04574242711948358 -1.404430909913422 -0.009975522147183053 0.9967617563403278 -0.07979028797564076 1.7724464591272062 -0.0466840916927616 0.07924301457652565 0.995761588043868 1.6491089115581206
6 0.9990468003397674 0.004136333502349555 0.043455511457457206 -1.961002882805255 -0.0004511023937616499 0.9964255522384534 -0.08447434730687978 1.610422778247879 -0.04364959573437497 0.08437422421385186 0.9954776256051846 2.4639561093976035
7 0.9997209926410765 -0.002291682098946417 0.023509254898797963 -2.1525092854735055 0.004449503336365434 0.995735292726775 -0.09214894865587717 1.7815529976641902 -0.023197818368369236 0.09222784363787344 0.9954676720420689 3.4304134294307103
8 0.9999318379093917 0.0024815423452792854 0.011408833539552072 -2.482148603342466 -0.0014333723304714979 0.9958517055044023 -0.09097981142943537 1.667752773479037 -0.01158727625292372 0.0909572576593576 0.9957873830834207 4.367636680026458
9 0.9999643553314876 -0.0005402686306006457 -0.008425922874543112 -2.855806363488048 -0.000309752440502573 0.9949314171481584 -0.10055535403439851 1.7615303237224424 0.008437542630468335 0.10055438043101575 0.9948957857235567 5.290450667700804
10 0.9995949237453132 -0.00033321607264874195 -0.028458344815692694 -2.879539159013033 -0.002522336432474915 0.9949594287636773 -0.10024656070498582 1.6230326544296463 0.028348302605627963 0.10027773543236237 0.994555553760541 6.280529003193798
11 0.9986816783561203 -0.0026798219817766936 -0.05126132918630642 -2.8533857151941167 -0.002409047368616786 0.9950890549540802 -0.09895437939460375 1.5062107957088877 0.051274768075547414 0.0989474173727672 0.9937707516092721 7.273337481418205
12 0.9959607736533237 -0.0036073910362280823 -0.08971691074587955 -2.354419854223059 -0.005558314075759359 0.9947992630122735 -0.10170315361321138 1.5278812904539278 0.08961720007002943 0.10179102703099473 0.9907609925040356 8.139688117426086
13 0.9943071001199225 -0.0039049737213162784 -0.10648071107644565 -2.4463408405545954 -0.006776918612606742 0.9949872995184733 -0.09977147473628782 1.3982836887579289 0.10633656048589966 0.09992509754010195 0.9892964726438824 9.126984938843687
14 0.9911673434473071 -0.0031860730444313347 -0.13257883021871275 -2.2315859049173765 -0.010339438409104507 0.9948118510033123 -0.10120512396488446 1.3771628552161155 0.1322134387417036 0.10168200522064544 0.9859920772655331 10.103424506072946
15 0.9887408203005947 0.010964095003189808 -0.14923598390491094 -1.9821119537557885 -0.026685428316806398 0.9942448343859209 -0.10375498644624741 1.047845761936139 0.14723952689158226 0.10656921727206045 0.9833430345768266 11.014090726768359
16 0.9874681056448426 0.01144396121088645 -0.15740322768605577 -2.1419930850369933 -0.028169822987420847 0.9941316206789402 -0.10444511400309961 0.8667883742513794 0.15528426032290069 0.10757024064228636 0.9819956424669758 11.98448045662722
17 0.985920003970578 0.004948982136763807 -0.16714440866048635 -2.4184596766359756 -0.022929441113692668 0.9941212301384263 -0.10581691981094056 0.7725394962015223 0.16563811942220052 0.10815954658601955 0.9802374844274127 12.94087124217942
18 0.9842531125580369 0.006665014679817231 -0.17663914628171326 -2.66407609344909 -0.026202500383542698 0.993750332621787 -0.1085067066486568 0.6713517962139616 0.17481201189569856 0.1114264517608774 0.9782764979007507 13.904942621151994
19 0.9829147283611289 0.007113870743425707 -0.1839239778109748 -2.874678791168137 -0.027844466697499175 0.9934995950180314 -0.11037771683333124 0.5645626385140542 0.18194318497406525 0.11361314934367878 0.976723466359697 14.87666407377518
20 0.9799386367461496 0.011010432746316993 -0.19899507175514417 -2.763797112169855 -0.03478936338379265 0.9925932123131476 -0.116397659191314 0.518236809159268 0.19623956921886948 0.12098547604222959 0.973063485112675 15.869417397279545
21 0.9772441340022469 -0.002303411607782692 -0.21210515517818584 -2.8996606770487343 -0.02364145910151237 0.9925281917049046 -0.11970325844580612 0.570861649015023 0.2107960723116108 0.12199378319487524 0.9698878970065548 16.8587463012486
22 0.9759752647070209 -0.0076588158478122365 -0.21774669967617943 -3.277239248689721 -0.01889350688665577 0.9926426153988777 -0.11959796608470949 0.3878080213468801 0.21706063257832703 0.1208386560824711 0.9686499372739754 17.766449885633698
23 0.9739521164278578 -0.007100264129290704 -0.2266425846018109 -3.5521938600921015 -0.021499710863325142 0.9921151527425938 -0.12347180298081374 0.30339977351534086 0.22573222517061337 0.12512837457504436 0.9661199989627213 18.724194743122577
24 0.9715735564109748 -0.012858577854279381 -0.23638841227626622 -3.8914249946825574 -0.017730888554464377 0.9917668325250957 -0.12682336336104832 0.2806019064837772 0.23607295529899028 0.12740960347258215 0.9633464344249985 19.664621478663143
25 0.9625696671567434 -0.011498693790602994 -0.2707903541688 -3.195278821482459 -0.025813563526611745 0.9906686140179359 -0.13382584629973318 0.355609469033497 0.2698023275914732 0.13580676504136482 0.953290735607569 20.37859232724336
26 0.9609862351990633 -0.011145774282324935 -0.2763715388269496 -3.5704447715576983 -0.02703845533172611 0.9906168075257232 -0.1339673937225727 0.13908964876494576 0.27527146212370823 0.13621348154243332 0.9516677516793147 21.27990785206021
27 0.9587106438391286 -0.012557856424266545 -0.28410596901788127 -3.987469885036167 -0.027300106528940975 0.99034657682613 -0.135898351543627 -0.015496470122051742 0.28306996616710717 0.13804332002610378 0.9491129732810106 22.175560239646025
28 0.9563906749672582 -0.007509689044882639 -0.2919939749483197 -4.172841358535841 -0.03471588952864807 0.9896611480779721 -0.1391604074412897 -0.19971958426184475 0.29002014416777167 0.1432285472814038 0.9462419876651853 23.14080594228817
29 0.9543821493478208 -0.006473204402061047 -0.29851768897504477 -4.537975597748381 -0.03761405746224382 0.9891940577912098 -0.14170497066718718 -0.3526977472245324 0.29620920961816966 0.1464691566878173 0.9438256673117847 24.05910583123124
30 0.9516293392425563 -0.009086603091177587 -0.30711404125672526 -4.864600974448931 -0.03780967664315833 0.9885019514205632 -0.14640464606657547 -0.494466728868472 0.3049131502979357 0.1509348398920755 0.9403438971366482 24.993566866494888
31 0.9500528501970147 -0.009989248249175693 -0.31192915341779887 -5.122633449852097 -0.03990216098233182 0.9873967500475513 -0.15315180555407373 -0.6802154739788079 0.3095277040307761 0.1579489573743406 0.937680503850748 25.94167901026439
32 0.9471202555234975 -0.006224613457887483 -0.3208184467333575 -5.1355789384746915 -0.048705964973142536 0.9854380849573628 -0.1629095138154931 -0.8146231299190201 0.31716076480822497 0.1699206730814738 0.9330251947969024 26.932520550819746
33 0.9463145429902486 -0.00554779633627063 -0.32319964059535594 -5.518877951447438 -0.05290426474905651 0.9837125338051028 -0.17178704725940785 -0.9873985744823741 0.31888857721129066 0.17966322117079142 0.9306079745428207 27.83984104547618
34 0.9455955265234586 -0.0042442801334114585 -0.32531690135154556 -6.026694687586396 -0.057729203098719074 0.9818589824350025 -0.1806108460787676 -1.1605976120589505 0.32018188503707445 0.1895650942613968 0.9281964423179883 28.6837155869947
35 0.9444930522661082 -0.002944717945694758 -0.3285181925818862 -6.431437580851604 -0.06195369713095921 0.9804223682683154 -0.1869056425337461 -1.3609959496446664 0.3226369690679415 0.1968839981052318 0.9258196787067923 29.57591719484351
36 0.9425893670657326 -0.004959486763984105 -0.3339171882153688 -6.795888288147685 -0.06373889033993212 0.9788370503941372 -0.1944617767941531 -1.4707295333565684 0.32781494647268733 0.20458111484488758 0.9223252833561101 30.500651871720958
37 0.9401608887619372 -0.0036561675996175666 -0.3407112203624153 -7.084284513230666 -0.06904478264294082 0.9771532193496777 -0.20100846724541163 -1.655053252238762 0.3336619867622149 0.2125046320630306 0.9184287996037821 31.440254133289177
38 0.9380751260857033 -0.002394611041712175 -0.34642361879243927 -7.471450348759571 -0.07390226667656445 0.9755749212689684 -0.20686234063045947 -1.832965648260522 0.33845754974129316 0.21965390762264245 0.9149855998261504 32.34493626966855
39 0.9363343178640684 0.0006460361809029117 -0.3511091394812748 -7.9199389824679844 -0.07996520221319907 0.974110394801183 -0.211458045898674 -2.0020217936982183 0.34188245319226135 0.22607193919520058 0.912144652183939 33.222591078504
40 0.9346218653229242 0.0007050337810569046 -0.35564233688871216 -8.273928147562978 -0.08117592955809173 0.9740232816789184 -0.21139800190117672 -2.246403119845758 0.346254873608515 0.22644679284380248 0.9104006878913831 34.125347643586885
41 0.9616637611335958 0.007752971323484286 -0.27412169187797414 -9.17391179785826 -0.06111562287968555 0.9805195498103981 -0.18667161830241427 -2.4708869093725987 0.26733441849416134 0.19626844919881486 0.9434039455808296 33.7516679780921
42 0.9590489986349698 0.006580414723901436 -0.283163762440257 -9.40126563836141 -0.061680473203569425 0.9805893938169897 -0.18611813441739608 -2.624020832484358 0.276442647933143 0.19596208600314516 0.9408391590771529 34.71336452499151
43 0.9702899342986201 0.004869721629917025 -0.24189611243264392 -10.400663360783316 -0.051266876819102344 0.9812327122900562 -0.1858872552734955 -2.6580818427455486 0.23645115960124402 0.19276579160616636 0.9523298791436042 34.7067281782189
44 0.9681156329616623 0.002769437265010783 -0.25048842574553215 -10.668079708901127 -0.04983240803654946 0.9820831825737074 -0.18173979645409263 -2.8451345759825983 0.245497153683767 0.188427580219343 0.9509080894312808 35.65197933939797
45 0.9653826072436701 0.016578169288706906 -0.2603105567095752 -10.92706466599966 -0.06462185933738782 0.9820670017627873 -0.17711131907482897 -3.133361370477908 0.2527062268074891 0.18780193986592456 0.9491417145586396 36.57385357940017
46 0.9631620463519535 0.01775807994405704 -0.26833472206149267 -11.34114343069526 -0.06591380641840387 0.9829697595756524 -0.17153956360915507 -3.2875529472671605 0.26071870422785065 0.1829073607478351 0.9479296675650615 37.47093982575748
47 0.9604311606760527 0.01690392894695922 -0.27800403376319327 -11.666179089348233 -0.06568998738031889 0.9837448342487665 -0.16712548174003472 -3.4207643703631607 0.27065995512693525 0.17877460258239172 0.9459296116319594 38.40721251346228
48 0.9561396711492252 0.02071824213095977 -0.29217748663723914 -11.68469828922394 -0.07162515157189665 0.9837508876028794 -0.1646330124939974 -3.6645325192780884 0.2840189554763041 0.17833941190059371 0.9420871971813948 39.376869236201756
49 0.95333670372753 0.010489130127327424 -0.30172687562611944 -12.137791952128323 -0.06237962022028394 0.9846746410959675 -0.16286385161754016 -3.7691254123560483 0.29539450311407583 0.1740856960744036 0.9393807843213926 40.262175102111776
50 0.9492385518353763 0.00728053411111212 -0.3144728375115007 -12.350433758246858 -0.061182138678248614 0.9849125605330883 -0.16187647763313462 -3.890077161810275 0.30854970067439236 0.17289951466409303 0.9353624110699875 41.23179056547727
51 0.9453587497199497 0.007365264549823964 -0.32594874935493273 -12.514793447731524 -0.06323632560217846 0.9849017908253699 -0.16115095269130156 -4.00660715391724 0.3198405878351781 0.17295726510051385 0.931551277612883 42.211283622023224
52 0.9426727998584274 0.006239962628830719 -0.33366008942255126 -12.888412764018682 -0.0633229298105318 0.9850054645565167 -0.16048190350942831 -4.132530205285564 0.3276556105813925 0.17241026043486785 0.9289329916368092 43.13027871588663
53 0.9402288701753024 0.011277556597826699 -0.3403564137871622 -13.240897834644105 -0.06846190929297345 0.9853059686015987 -0.15647720349630567 -4.337664137465428 0.33359052570939823 0.1704258348853774 0.9271852004645813 44.04333639789067
54 0.9371282570719092 0.016288271392193254 -0.34860482213018706 -13.619079912364798 -0.07336435951175724 0.985783099492555 -0.15116001954313224 -4.5139368424716855 0.34118660690279945 0.16723149585962768 0.9250001762500925 44.952130240356965
55 0.9347074177066701 0.0193345861486696 -0.35489183854040324 -14.043268311980256 -0.07603504108861862 0.9862801540411362 -0.1465268926553881 -4.700906320775555 0.34718974061892094 0.16394398969325302 0.9233534817459786 45.83819265746055
56 0.9308868260837656 0.013657783248661265 -0.36505230033575375 -14.324136077628122 -0.07061561882846812 0.9871804616491143 -0.14313689432048282 -4.846419794437611 0.358417565961056 0.1590226440504706 0.919917739305937 46.78684387344427
57 0.9273743192080397 0.0114295693511602 -0.37396020780007017 -14.625704588390231 -0.06979375891321316 0.9872724794576035 -0.14290515218983074 -4.967688010329606 0.3675672774921034 0.15862665751702854 0.9163688558882908 47.732544918691296
58 0.9242890547967897 0.007924747381820686 -0.38161098197220594 -14.92047762470319 -0.0658882037004663 0.988088654101381 -0.13906673307892908 -5.1365913524169144 0.37596341310652776 0.15368152209243685 0.9138016752953776 48.67306631453872
59 0.9215423392102825 0.011994429397898696 -0.38809258007112085 -15.293885693718051 -0.07162608392588321 0.9876203290321924 -0.1395556870349083 -5.304844276260923 0.3816142310527225 0.15640402669920425 0.9109930620429064 49.58534772313716
60 0.9199466949903611 0.011847107918429408 -0.39186442095485124 -15.774696590596353 -0.07204826932486232 0.9876281224798693 -0.13928294430467625 -5.446717766812862 0.38536622252422714 0.15636603832912516 0.9094187905440813 50.450618091118486
61 0.9177801032153254 0.003407438461956953 -0.39707439039202014 -16.059921374723466 -0.06312499429876135 0.9884991289859724 -0.13742163981249295 -5.570308398859532 0.3920394335320651 0.15118816610627814 0.9074399269292017 51.401077026036035
62 0.91390834633179 0.004072255757179953 -0.40590017398141287 -16.227098816122982 -0.06561574190871412 0.9882810781009105 -0.137822658084476 -5.731413000265841 0.4005822126956682 0.15259071929924173 0.9034655296443687 52.37375221745061
63 0.9138392482229466 0.0030457460509680815 -0.4060647138552092 -16.733162998165064 -0.06405477589465869 0.9885339598794065 -0.13673915258705036 -5.848241374290094 0.40099228708649653 0.15096798935288677 0.9035562250839094 53.22829898513225
64 0.9350434529046472 0.0026614755902664446 -0.3545231413149754 -17.677257375953467 -0.04954185329665662 0.9911414440556208 -0.12322435898502739 -6.049951222445097 0.3510546198939771 0.1327838642717165 0.9268921723912459 52.967533015655306
65 0.9353707702768396 0.005704287098472299 -0.35362265654283304 -18.061282171115607 -0.05241762366562353 0.9910630909441206 -0.12266353369088295 -6.227813253086286 0.34976265529007017 0.13327194403170042 0.9273104517357971 53.87356284841557
66 0.9347325415556701 0.0058621261435863985 -0.35530368874239754 -18.376303701167128 -0.053453973847044305 0.9908063878072365 -0.1242794213067281 -6.378582396817393 0.3513086230532785 0.13516041413485114 0.9264523267925351 54.81059545668492
67 0.9329609068373083 -0.0025266933165309542 -0.3599688349485156 -18.30645259906151 -0.044499648146774824 0.9914959526578078 -0.12229291548572707 -6.535134105851911 0.35721663991298175 0.13011299653593805 0.9249145259437301 55.795792062466965
68 0.9313301077753632 -0.0068162258143823 -0.36411230330322236 -18.491532904091102 -0.03889923303876758 0.992242868721265 -0.1180717542039145 -6.656121616420725 0.36209264039505085 0.12412746961108449 0.9238405117008491 56.771039365153726
69 0.9297771305736385 -0.008647767686081206 -0.36802133576234225 -18.8678016464919 -0.03583869857058454 0.992848620570514 -0.11387363310263277 -6.757326266444751 0.3663742285682526 0.11906650625855077 0.9228180165820331 57.692005955616935
70 0.9288071044082358 -0.007083605620681096 -0.3704958641229334 -19.359207747293183 -0.03588542180238891 0.9933987035369934 -0.10895527666471586 -6.88844473560376 0.36882190758681255 0.11449383609442941 0.922421574975566 58.553010016891015
71 0.9265479773220349 -0.008497563210002517 -0.3760806258502792 -19.820328677523854 -0.03444088267359179 0.9936296605176432 -0.10730295121876239 -6.988985551168075 0.37459667849282335 0.11237388182821657 0.9203528883776045 59.4346329749179
72 0.9228909584769778 -0.013398349311997251 -0.38482822531248706 -20.27047818443424 -0.03121768021612725 0.9935012939956299 -0.10945608832281128 -7.072138764765544 0.38379387101206774 0.11302947944262959 0.916475095870312 60.323706063137145
73 0.9177451561551262 -0.012573429352306853 -0.3969707007174774 -20.554389002734727 -0.03556758770152221 0.9928810573373439 -0.11367564684562352 -7.227777033773746 0.39557398206254907 0.11844456518121925 0.9107645742419975 61.26984102639663
74 0.9130021600166672 -0.01319675809868865 -0.4077412186431287 -20.956013855604667 -0.03586030931592828 0.993011595385986 -0.11243669171913136 -7.35180432978481 0.4063755581371904 0.11727666932911567 0.9061484914624939 62.17720792122413
75 0.9078950248629117 -0.011329735974783947 -0.41904446173635795 -21.318767878415745 -0.03735875299714283 0.9934702716126118 -0.10780140535475544 -7.486378474099954 0.4175295769622682 0.11352733883962954 0.9015434519188182 63.09932465909771
76 0.9039657245115289 -0.005638565910940279 -0.42756774373520456 -21.725712568568404 -0.04226762047616076 0.9938378232188956 -0.10246867520764086 -7.644453705157346 0.425510772369446 0.11070044205004959 0.8981569989302974 63.998995846445915
77 0.9014302488716901 -0.007039481287961458 -0.4328671298704928 -22.246245266633274 -0.04206014473624701 0.9937137901010175 -0.10374896427355616 -7.758434670450348 0.43087637540375984 0.11172890952483283 0.895467587294653 64.8451955981977
78 0.8986214833678956 -0.011190604071964224 -0.43858203338735474 -22.722209558770537 -0.04006054746133005 0.9934054237103039 -0.10742819313405978 -7.859837695246909 0.43689195736224273 0.11410711933785181 0.8922471534886526 65.71879471982581
79 0.8728740725633245 -0.015913727417936726 -0.4876859714266783 -22.08840264613334 -0.04621476839293707 0.9922787862597823 -0.11509563641250281 -7.886352685008264 0.485752044652708 0.12300229180919478 0.865398975805609 66.49183141668094
80 0.8688205800888978 -0.021710670558453115 -0.494650832808247 -22.577772866215494 -0.041592926381440444 0.9923066630889413 -0.11660838247877739 -7.983469291569307 0.49337696374103773 0.12188573888157186 0.8612334400770592 67.35848309422047
81 0.8671661353605364 -0.021298569737180778 -0.4975633272368669 -23.184544918653156 -0.03945728390375223 0.9930062045413697 -0.11127353903458215 -8.115233913041276 0.4964534385970145 0.11612514297564847 0.860260968819394 68.14236176115008
82 0.8637987565297723 -0.015322307853899741 -0.5036039466680625 -23.62552354907011 -0.045330647549956346 0.9931202833662639 -0.10796867675030494 -8.223331394847195 0.5017936237852955 0.11609190243463346 0.857161495470676 69.0333459164112
83 0.8615395408145031 -0.015604721678950169 -0.5074506008218497 -24.264919828724643 -0.0426234212146735 0.9937754719312529 -0.10292499867267599 -8.329230244433388 0.5058980765349781 0.110303237502008 0.8555117368889701 69.79489553660154
84 0.8589099146625617 -0.015585300434523917 -0.5118894967712418 -24.793520712796855 -0.0433847589036464 0.9937293769133002 -0.1030518711832775 -8.44223088756499 0.5102857253095945 0.11072047698929767 0.8528478495725489 70.63621115362974
85 0.8569552706350212 -0.01744170327683872 -0.5150955747408993 -25.44813612768912 -0.04226933339061354 0.9936818227661889 -0.10396989255922127 -8.535814577704745 0.5136545218851212 0.11087029469478957 0.850803625933304 71.38635830726456
86 0.854068746227201 -0.021743157513296682 -0.519705504896038 -26.03740637923977 -0.03907004958325329 0.9936220192450291 -0.1057771908163174 -8.64294779381525 0.5186907635721313 0.11064591328545177 0.8477720057056539 72.18715980473436
87 0.8513483111092942 -0.02551117883589767 -0.5239801837147587 -26.695882600425975 -0.03517767298985856 0.9937925724162341 -0.10554077095294093 -8.731990444173594 0.5234200844164651 0.10828436135922616 0.8451662039590109 72.93447530846302
88 0.8447105259623424 -0.022751545404956948 -0.534739651148207 -27.05432726336021 -0.040030170210778114 0.9936122623780325 -0.10550951390705361 -8.842913941730448 0.5337243793163857 0.1105307169405687 0.83840398826338 73.86141293940769
89 0.8405724402283993 -0.02325597533714121 -0.541199715760817 -27.587125527580927 -0.039953083131095184 0.9936953047741246 -0.10475396134838075 -8.938125660236022 0.5402237722963091 0.10967589084859956 0.8343437390024033 74.70228195919198
90 0.8380966979874146 -0.02339868728309093 -0.5450196567611275 -28.220637654323205 -0.04037642220558105 0.9936787434710981 -0.1047487436849461 -9.087300860044834 0.5440254310511901 0.10979552067243381 0.8318541182261676 75.46149809611052
91 0.8337013436328079 -0.022538757052220356 -0.5517554476898153 -28.786016377822417 -0.042725402888794166 0.9935388460627788 -0.10514324187616779 -9.200863638642806 0.5505602690447117 0.11123203652492046 0.8273516931752375 76.27847444869991
92 0.8223107746941548 -0.02125812173202566 -0.5686414354251038 -29.071724471555036 -0.04731959703153737 0.9932862436254924 -0.10556180161938336 -9.37053078353081 0.5670677612389203 0.11371249114796897 0.8157840544656417 77.22165203051624
93 0.8188496504300865 -0.023742434076678906 -0.5735168234800415 -29.64666284530185 -0.04525351485709043 0.9933641145149225 -0.10573483525811662 -9.476996660056173 0.572221434118313 0.11253458568121767 0.8123414290562418 78.03289236241824
94 0.8122302231896187 -0.022847723429904248 -0.5828893943720456 -30.124303930273925 -0.04889186675131164 0.9930504104168665 -0.10705357414146738 -9.608030961348085 0.5812844830050428 0.11545069971832356 0.805468488366931 78.90162075078494
95 0.8665885305489712 -0.035817586697829494 -0.49773629484307796 -30.925862608204625 -0.033243822192927826 0.9910615147473404 -0.12919722238775047 -9.393285588791574 0.4979148192976602 0.12850748867866277 0.8576518280032293 78.34359910920563
96 0.8617329649129989 -0.03353182701006145 -0.5062528160510487 -31.434637380746054 -0.0365789380933171 0.9911109383398786 -0.1279104733436934 -9.539693005502832 0.5060417756862239 0.12874286255052347 0.8528464085652407 79.19195816570623
97 0.8562672307453533 -0.04539702744204308 -0.5145342937561184 -32.06933716357093 -0.024871269853320176 0.9913513692448631 -0.12885605392148272 -9.58689480441109 0.5159339587287188 0.12313233841578256 0.8477326096516359 79.96327407458925
98 0.8526889348286117 -0.046822187215917514 -0.5203165029144878 -32.687774872775364 -0.02360451927317562 0.9915053223941568 -0.1279063029484414 -9.757027286679444 0.5218854351058657 0.12134611083065643 0.8443404017401005 80.73047009873827
99 0.8496640349447091 -0.036186055835570545 -0.5260813597577265 -33.25837486677329 -0.03962669447187149 0.9904404083216296 -0.1321269187142169 -9.957541816411164 0.5258333890882564 0.13311035688335457 0.8401076596546081 81.52684285155465
100 0.8445284054239948 -0.0361225578022116 -0.5342910566814947 -33.77404549810842 -0.04185692640561268 0.9902172457305941 -0.13310824155396248 -10.073482684329086 0.5338724289732232 0.13477747312027216 0.8347546120396963 82.37574892176238
101 0.8411842346793326 -0.035621874066033496 -0.539574059249483 -34.39824425371642 -0.04379042499907634 0.990063231894888 -0.1336308180332903 -10.194408897741011 0.5389726173740947 0.1360363154631973 0.8312656847218681 83.14759914636164
102 0.8378223560331581 -0.037052181964968 -0.5446841612739242 -35.00444792509545 -0.042781602931061535 0.9901704670921508 -0.1331622339447572 -10.318302279258551 0.5442641219644375 0.13486875878156127 0.8280018015964707 83.93319928009859
103 0.8327541916908676 -0.04129698478794052 -0.5521005481510677 -35.50787293515786 -0.03959054130149245 0.9902193742229382 -0.13378407959463878 -10.434423889194713 0.5522255386538826 0.13326721330954608 0.8229743643122411 84.7893996025504
104 0.8296371400290476 -0.04357798558326312 -0.5565996542012237 -36.098445294197795 -0.03937257844962811 0.9899001605968449 -0.13618910425054442 -10.577511594603333 0.556912934158363 0.1349023031940628 0.8195421602090158 85.58359744152241
105 0.8257135235648106 -0.04018508298148232 -0.562656499214175 -36.645516331216136 -0.04598438456997988 0.989344262296641 -0.1381425605540622 -10.775730911830795 0.562212249649345 0.13993959396123354 0.8150670502395418 86.39687623255179
106 0.8226018076711242 -0.03881219533031382 -0.5672917058355733 -37.28486957125496 -0.04909315833510357 0.989094679896471 -0.13885811465369594 -10.926154815349012 0.5664945967059688 0.14207507835221217 0.8117256580977065 87.15093199096168
107 0.8197197456562938 -0.04256523078150911 -0.5711810043319827 -37.979586217191375 -0.043717380820727916 0.98967603394594 -0.13649226515523444 -11.027215199025008 0.5710939760470779 0.13685594305168308 0.8093961461325192 87.86308057662542
108 0.8146619189247805 -0.04650738413992969 -0.5780683532889948 -38.55564287002878 -0.039159917703585595 0.9900927987229512 -0.1348434305496517 -11.142827938194268 0.578612529234229 0.13248891771741264 0.804769673692565 88.672273019416
109 0.8119946308267775 -0.04176195556079426 -0.5821689261513515 -39.18538312730105 -0.04618081511943218 0.98971295347956 -0.13540901753453352 -11.322009822417739 0.5818350729420162 0.13683643144137989 0.8017130028413829 89.42813084722563
110 0.8095289995318173 -0.0418695511080412 -0.5855849550722935 -39.83926706400789 -0.046607330396947894 0.9897219748062598 -0.1351967800610048 -11.466973900401591 0.5852269268861782 0.13673826627015018 0.799257211781535 90.17070827396114
111 0.8064957560257161 -0.04136115794536091 -0.589791361521954 -40.46594000147666 -0.04772085319938179 0.9897415781221568 -0.13466376166654512 -11.628824259693005 0.5893108822723181 0.13675109994707346 0.7962485922742262 90.93299790721828
112 0.8047650937351408 -0.04079812518623613 -0.5921897135941753 -41.12370182209738 -0.048238676807771524 0.989840587152703 -0.13374842834599984 -11.786045412099341 0.5916300991729707 0.13620251536910774 0.7946211050303835 91.66963275271284
113 0.8048466718365554 -0.045114928819694776 -0.5917655600245817 -41.919622937629526 -0.042885715303935944 0.9900787227068933 -0.1338093354962719 -11.931897147687268 0.5919312887012327 0.13307428835877683 0.7949267785364272 92.25720135288081
114 0.8013202454416251 -0.049839837061939514 -0.5961558981399131 -42.527273552040434 -0.04052361576017074 0.9897124906418302 -0.1372115972987142 -12.058242782376796 0.5968615426555683 0.13410882406240543 0.7910569652100999 93.04129158393323
115 0.7971550261300686 -0.057965968677935006 -0.6009856993230304 -43.17166954885032 -0.03213083398680638 0.9898975442284887 -0.13809584149320522 -12.20064505246453 0.6029191273477383 0.12939396655290494 0.7872393075157937 93.79260734863419
116 0.7929951411460248 -0.06637436768146042 -0.6056014774038091 -43.92797092883021 -0.023096534392202692 0.9900574544778145 -0.13875441229732866 -12.295338413601028 0.6087899937795669 0.12401887079796906 0.7835777326850671 94.43994141405757
117 0.786376335699291 -0.07377071587499388 -0.6133271069596069 -44.603901795762205 -0.015245918870260071 0.9902239134716316 -0.1386512284356843 -12.399736213434009 0.6175595687276612 0.11838278095148275 0.7775639499405164 95.16947452576316
118 0.772167412874556 -0.07422448296892996 -0.6310691028901702 -45.01531982560951 -0.017382268357981547 0.990314962438279 -0.1377466221640213 -12.557494187653443 0.6351813469863496 0.11733286604776554 0.7633987522819401 96.06716469710615
119 0.7660590426903574 -0.07274857849601524 -0.638640107916139 -45.70206337197485 -0.018243567704556162 0.9907133961372547 -0.1347372960675425 -12.725527142442054 0.6425112572305458 0.11486779876888518 0.7576177618944875 96.77437627272735
120 0.7565740872450445 -0.07172486962533517 -0.6499624555207414 -46.231964896415974 -0.02148637118345986 0.9907027233437666 -0.1343370753463367 -12.87892410137608 0.6535548842132951 0.11560128541937945 0.7479989011558316 97.60844686329742
121 0.7460503342401652 -0.07418846481633742 -0.6617438858564 -46.83598968479272 -0.022974954282931195 0.9903147139842532 -0.1369266911233194 -13.00046638525959 0.6654930882975105 0.11735773988382009 0.7371201464602642 98.39608988628717
122 0.7198684783609807 -0.07700224673904273 -0.6898260852268354 -46.978196901313865 -0.028500050441779744 0.9897103558462789 -0.14021825364568327 -13.09369399577523 0.6935251410715583 0.12059877979429018 0.7102667196298876 99.38156684359352
123 0.7143786721378258 -0.07787064581900283 -0.6954130249817899 -47.74723899159652 -0.03003832294592616 0.9894602544128791 -0.14165487669612198 -13.244175380305636 0.6991143055744012 0.122084264419673 0.7045101987354959 100.00279918663185
124 0.7072735570942804 -0.08473712837193116 -0.7018430982138943 -48.55313021552038 -0.02049069956401757 0.9899158436687306 -0.1401668779883432 -13.344359758142868 0.7066429416516057 0.1135175831246228 0.6984049765970368 100.58632503672438
125 0.7007410597564372 -0.08573659389705982 -0.7082451578643882 -49.35248881070364 -0.018215892026679347 0.9902784913709078 -0.13790101814645142 -13.500329126819244 0.7131831102674352 0.10953422359785707 0.692367030620378 101.1665830708301
126 0.6899916776296313 -0.08329245246524539 -0.7190089374716903 -49.97429353758321 -0.023172330084812755 0.9903058451390382 -0.1369575708089609 -13.693031674549804 0.7234462856605137 0.11116069715677669 0.681372710909105 101.92567767475607
127 0.6819233113164708 -0.09033475752783404 -0.7258238278436194 -50.78186839999153 -0.017356765432075563 0.9900658817813462 -0.13952882292292562 -13.769181220278377 0.7312177107389132 0.10774591155121004 0.6735810849821561 102.51050596947331
128 0.67512295589099 -0.09409623223388469 -0.7316795019053055 -51.604436832246606 -0.015566782475112804 0.9897938202967639 -0.14165404542654716 -13.867765950551918 0.7375409615980898 0.10702379418309592 0.6667677537520962 103.0705615486517
129 0.6679217073943209 -0.09344637290162523 -0.7383416337868142 -52.35201177946141 -0.018381244262347652 0.9897119624988285 -0.14188855184997154 -14.033392307580426 0.7440045181110011 0.10834208240435009 0.6593324428622501 103.71375639188902
130 0.6618258591255402 -0.09314893468272817 -0.7438479738227495 -53.161939720356635 -0.020006777811555236 0.989702167407456 -0.14173689946721568 -14.17783178133265 0.7493905933160054 0.10868714707093555 0.6531468768286828 104.28222272626776
131 0.65373192327449 -0.09572216273243621 -0.7506476137667113 -53.94814437243405 -0.017118924258179923 0.9898426392096333 -0.14113288785660869 -14.264267943351294 0.7565325605962443 0.10511335453307007 0.6454530714594918 104.89411410894819
132 0.6464036799798094 -0.09652309543152618 -0.7568656251653083 -54.70080676027436 -0.01584587910349123 0.9900536959185953 -0.1397948043146201 -14.403701144748375 0.7628310369554322 0.10235707781749338 0.638444858760849 105.53758727656218
133 0.6414445765018842 -0.09499233684303159 -0.7612655983409565 -55.476616015224806 -0.019386463357425117 0.9899805044260512 -0.13986695783789516 -14.556472092407452 0.7669243904248029 0.10447514983741939 0.6331760595900559 106.14978090647375
134 0.63755121124929 -0.09566526868974869 -0.7644452952311745 -56.277616671284406 -0.020978351372569377 0.9897366623371416 -0.14135504235583368 -14.707125250529966 0.770122303351469 0.10615788115119897 0.6290009079088142 106.72917850931468
135 0.6304699277026066 -0.09820699177959562 -0.7699760106836245 -57.01017073136613 -0.01881892172913093 0.989738483504935 -0.14164597577869995 -14.89706933098648 0.77598551452964 0.1037936470586358 0.622152200084862 107.38284952991165
136 0.6250852787455562 -0.09998628132443403 -0.7741260477741969 -57.78639033772634 -0.021235824349246132 0.989216238055044 -0.14491471330555214 -15.030278082374478 0.7802675402502094 0.10702325940637358 0.6162212164295555 107.99907882940455
137 0.6181403205815498 -0.10158340780216202 -0.7794763340414097 -58.49107303995418 -0.021567515533690046 0.9890496087106927 -0.14599901980124994 -15.239020207607753 0.785771841345464 0.10705924951718648 0.6091805401039767 108.67720054194308
138 0.6147386771623496 -0.1035638181855901 -0.7819021002424174 -59.29154224669001 -0.01919425247506958 0.9890841894041843 -0.14609601959871024 -15.387622456315984 0.7884972668189674 0.10481890081905339 0.6060404757523219 109.25786087083874
139 0.6118076709650138 -0.10177648792660078 -0.7844315905505647 -60.10600934823817 -0.019156694083669584 0.9894905457612907 -0.14332299508733182 -15.539175707305487 0.7907745539203209 0.10271322450017031 0.603428204830444 109.81792778518168
140 0.6090867854002592 -0.0988486185109839 -0.7869194612342773 -60.876728899768416 -0.01854057650127225 0.9901568285552532 -0.13872887907137216 -15.720875947086832 0.7928868363023691 0.09908786813890692 0.6012587290061607 110.42864574049368
141 0.6067272100634966 -0.09732196959066428 -0.7889299885310204 -61.680797672718384 -0.01827047557371659 0.9905074565532729 -0.13623937842882472 -15.894120892318364 0.7947001211767991 0.09707426473229389 0.5991897066274274 110.9973808290522
142 0.6062596782094423 -0.09423777649461001 -0.7896635005233126 -62.48310705240987 -0.020085014849295646 0.9908231356165265 -0.1336641541533634 -16.0965031003835 0.795013078547259 0.09689559089294901 0.5988033478566341 111.5589332395047
143 0.6024744958186478 -0.09329084393508749 -0.7926672065412709 -63.261271622407456 -0.019308773514529667 0.9911510835297582 -0.13132669524185508 -16.257044971025838 0.7979045390638508 0.09442641674125865 0.5953419171893638 112.16612859736117
144 0.6016699432539125 -0.08844344539172502 -0.7938331287821574 -64.06352746658769 -0.020323615941590472 0.9918338201411688 -0.1259072033651396 -16.49095328102968 0.7984862117305214 0.09188814021157347 0.5949591073046099 112.71537579715951
145 0.5963257550597437 -0.09018463280809932 -0.7976605329698152 -64.82254609087323 -0.016785531652382613 0.992051056692071 -0.12471145433875885 -16.63986071946255 0.8025670315221181 0.08775780897327276 0.590071798070358 113.34918753353621
146 0.5919916496396415 -0.08982441953881809 -0.8009228804394622 -65.55920131052514 -0.015940854337185135 0.9922703605999857 -0.12306673245752107 -16.804105854518866 0.8057864333844516 0.08562187361206385 0.5859838893115777 114.00520785182609
147 0.6122278256843541 -0.08123671560914308 -0.7864970982113297 -66.50147964085751 -0.008828570516551839 0.9939436115628589 -0.10953608252996415 -17.13775883367107 0.7906321180677413 0.07400468341441588 0.6078027317415148 113.97715061851383
148 0.6052111110194104 -0.07943633104651808 -0.7920917752435723 -67.15711421321969 -0.01027534333785651 0.9941464899101797 -0.10755079692198563 -17.261473085318933 0.7959986989527463 0.07322995292314809 0.6008522657529112 114.7220251656347
149 0.6118245392824875 -0.08175792548678333 -0.7867568714360651 -68.05469060799257 -0.004725485984116808 0.9942483563908472 -0.10699474564813663 -17.418131511360095 0.7909793949519134 0.06917982021122811 0.6079191963057636 115.13411102890628
150 0.6096791296273201 -0.08434151636774553 -0.7881483791226485 -68.81156148743227 -0.002105995226183998 0.9941470333311941 -0.10801500313794037 -17.533158878284056 0.792645522291049 0.06751433050336703 0.6059330748264452 115.7774734442072
151 0.6074176559681858 -0.08473921453066532 -0.7898500216742641 -69.58542408510557 -0.0024761363038245765 0.9940873522443162 -0.10855507752696776 -17.678266816837333 0.7943787889245592 0.06789404772752022 0.6036163831357808 116.39398002685338
152 0.6105342612406417 -0.0829617984652293 -0.7876326909459467 -70.3998187721213 -0.005644247021112509 0.9940174363115122 -0.10907556456076309 -17.8279231634569 0.7919697334179276 0.0710399633780707 0.6064134439086724 116.9546620046867
153 0.6132382956873944 -0.08792392291598004 -0.7849892843099703 -71.22439999372384 -0.004073839560710969 0.9934204174033424 -0.11445207782036146 -17.882557849290603 0.7898874583503825 0.07338431821943546 0.6088452553648084 117.51776133784458
154 0.6200370603532896 -0.09184668930679714 -0.77917791899657 -72.07006210443102 -0.001400739771910426 0.9929929756747854 -0.11816508870483643 -17.982446918918725 0.7845712727640668 0.07435816041366257 0.6155637919283966 118.04204921716006
155 0.6277784522428779 -0.08597976391371123 -0.773628913043503 -72.88595704372328 -0.006490755830585315 0.99326798858756 -0.11565713525747605 -18.18951255746554 0.7783650077656797 0.07762849441922318 0.6229941665378067 118.58190036042261
156 0.6373064296667577 -0.09286495492612973 -0.7649945194914612 -73.74543957030033 -0.0011772442226279964 0.9925938352245683 -0.12147465731673136 -18.240683460448647 0.7706095828206304 0.07831716620349871 0.6324771081571774 119.09049778444722
157 0.6443419082729208 -0.09241792699630003 -0.7591326840631427 -74.54568482299331 0.0006751739791448669 0.9927392379370795 -0.12028445286153439 -18.391555723864183 0.7647372422734798 0.07699176793318954 0.6397258928247892 119.6708813875226
158 0.6481436578749993 -0.0893206150088791 -0.7562616124667741 -75.2299646790486 -0.0020838553408055725 0.9928856221445597 -0.11905376468437863 -18.535373181472938 0.761515237298341 0.07873988300349051 0.6433463874049863 120.38577833170669
159 0.6564254231629866 -0.08630332317765592 -0.7494380563020407 -75.993867137451 -0.0029374635371300444 0.993134674605819 -0.11693968275806157 -18.70518844476443 0.7543852036378104 0.07896362838091973 0.6516653358321722 121.00836631995777
160 0.6918654485487351 -0.08925322661112407 -0.7164887037797278 -76.98207299343761 0.0020398511607121177 0.9925679286160201 -0.12167475535269962 -18.748737999612896 0.7220235733371021 0.08272102955189006 0.6869055181139517 121.15517429198778
161 0.705719582252031 -0.08643091384687367 -0.7031995224384091 -77.78083222744499 0.002064769738011204 0.9927776582194795 -0.11995106529818635 -18.93932137220181 0.7084882555801619 0.08319987127709808 0.7008010938379391 121.72584201261382
162 0.7062190626275083 -0.08700436502268143 -0.7026271244753629 -78.3238593982851 0.0005324608555204137 0.9924854515666857 -0.12236153363661108 -19.07306646442942 0.7079931866963397 0.08603992682418875 0.7009584713687745 122.55483765713532
163 0.7089003774182642 -0.08728315724905739 -0.6998870661448691 -78.85771519443466 -0.0025890875526162747 0.9919844906863913 -0.12633315820994667 -19.191325016026656 0.7053038720013621 0.09136969310370026 0.7029921957760416 123.3921028150006
164 0.7053184929590949 -0.08434508591650744 -0.7038549069031498 -79.26614283093318 -0.007619242303934872 0.9919370977753372 -0.12650194150189473 -19.31060874210996 0.7088496109680603 0.09458700049702758 0.6989889329362827 124.29706594195399
165 0.7266849745569709 -0.07874738767647813 -0.6824425226253552 -80.11475627027075 -0.006483250909339149 0.9925778918663359 -0.12143762199508437 -19.496026100580007 0.6869402561683067 0.09267134203550743 0.7207809007047545 124.79252105581548
