0 1.0 1.1976249852940768e-11 1.7046379585661242e-10 5.551115123125783e-17 1.1976249852940768e-11 1.0 3.562503070320133e-10 0.0 1.7046379585661242e-10 3.562503070320133e-10 1.0 2.220446049250313e-16
1 0.999435992603191 0.007426104318011869 0.032749804028914184 -0.518247351669985 -0.006172071045678628 0.999249998748248 -0.03822754949814663 0.8146475973141948 -0.0330091230689553 0.03800385547476715 0.9987322487850644 0.2603247492459986
2 0.9994141925046487 0.009878099409581115 0.03276728509254013 -0.9606178236121558 -0.008671726937793327 0.9992866316224817 -0.036756346560990645 1.1230528592794213 -0.03310699245825116 0.03645066618421804 0.9987869021893991 -0.5818121457932541
3 0.9992406531628202 0.0070118869471540906 0.03832689014492337 -1.1720848918089923 -0.005610690072765826 0.9993162513814552 -0.03654517590357933 1.0010064933430085 -0.038556934491962444 0.03630238585219038 0.9985967652581407 0.38792305714461583
4 0.9982024037049887 0.01764612809361108 0.05727630750045732 -1.6979198678176428 -0.013217149187128834 0.9969585755402822 -0.07680433336769978 1.7948427616847036 -0.05845740471171661 0.07590924139782519 0.9953996779710037 0.6934088314639513
5 0.9988598923318047 0.013658178945783596 0.04574242711948371 -1.4044309099134218 -0.009975522147182963 0.9967617563403282 -0.07979028797564054 1.772446459127206 -0.04668409169276159 0.0792430145765253 0.9957615880438685 1.6491089115581208
6 0.9990468003397682 0.004136333502349557 0.043455511457457484 -1.9610028828052548 -0.0004511023937615479 0.9964255522384539 -0.08447434730687958 1.6104227782478788 -0.043649595734375025 0.08437422421385159 0.995477625605185 2.4639561093976043
7 0.9997209926410775 -0.0022916820989465135 0.0235092548987983 -2.152509285473505 0.004449503336365653 0.9957352927267753 -0.092148948655877 1.7815529976641902 -0.02319781836836918 0.09222784363787312 0.9954676720420693 3.4304134294307116
8 0.9999318379093927 0.0024815423452791727 0.01140883353955213 -2.482148603342466 -0.0014333723304712554 0.9958517055044026 -0.09097981142943526 1.667752773479037 -0.011587276252923592 0.09095725765935729 0.9957873830834214 4.36763668002646
9 0.9999643553314889 -0.0005402686306006973 -0.008425922874543114 -2.8558063634880484 -0.00030975244050225387 0.9949314171481589 -0.10055535403439832 1.7615303237224424 0.008437542630468559 0.10055438043101544 0.9948957857235574 5.2904506677008065
10 0.9995949237453148 -0.00033321607264883785 -0.02845834481569272 -2.8795391590130333 -0.002522336432474648 0.9949594287636779 -0.10024656070498567 1.6230326544296465 0.0283483026056282 0.1002777354323621 0.9945555537605418 6.280529003193801
11 0.9986816783561224 -0.0026798219817767595 -0.05126132918630595 -2.853385715194117 -0.0024090473686165037 0.995089054954081 -0.09895437939460369 1.506210795708888 0.05127476807554768 0.09894741737276694 0.993770751609273 7.27333748141821
12 0.9959607736533251 -0.003607391036228375 -0.08971691074587984 -2.354419854223059 -0.005558314075759794 0.9947992630122742 -0.10170315361321239 1.5278812904539278 0.08961720007003023 0.1017910270309946 0.9907609925040368 8.139688117426093
13 0.9943071001199241 -0.0039049737213164024 -0.10648071107644597 -2.446340840554596 -0.006776918612607301 0.994987299518474 -0.09977147473628879 1.398283688757928 0.10633656048590048 0.09992509754010186 0.9892964726438835 9.126984938843695
14 0.9911673434473088 -0.0031860730444315433 -0.132578830218713 -2.2315859049173765 -0.010339438409104937 0.994811851003313 -0.1012051239648854 1.3771628552161137 0.1322134387417044 0.10168200522064537 0.9859920772655341 10.103424506072955
15 0.9887408203005966 0.010964095003189758 -0.1492359839049111 -1.9821119537557879 -0.026685428316806828 0.9942448343859218 -0.10375498644624835 1.047845761936136 0.14723952689158298 0.10656921727206053 0.9833430345768274 11.014090726768368
16 0.9874681056448446 0.011443961210886372 -0.15740322768605594 -2.141993085036993 -0.028169822987421277 0.9941316206789413 -0.10444511400310057 0.8667883742513756 0.15528426032290144 0.10757024064228649 0.9819956424669766 11.984480456627228
17 0.98592000397058 0.004948982136763568 -0.16714440866048658 -2.4184596766359756 -0.022929441113693282 0.9941212301384277 -0.10581691981094152 0.7725394962015175 0.16563811942220136 0.10815954658601964 0.9802374844274133 12.940871242179428
18 0.9842531125580386 0.006665014679816986 -0.1766391462817135 -2.6640760934490904 -0.02620250038354332 0.9937503326217884 -0.10850670664865772 0.6713517962139559 0.1748120118956993 0.1114264517608775 0.9782764979007512 13.904942621152005
19 0.9829147283611307 0.007113870743425502 -0.18392397781097514 -2.874678791168138 -0.02784446669749976 0.9934995950180326 -0.11037771683333218 0.5645626385140476 0.18194318497406603 0.11361314934367887 0.9767234663596979 14.87666407377519
20 0.9799386367461514 0.011010432746316872 -0.19899507175514466 -2.763797112169856 -0.03478936338379332 0.9925932123131487 -0.11639765919131499 0.5182368091592604 0.1962395692188703 0.12098547604222971 0.973063485112676 15.869417397279557
21 0.9772441340022487 -0.002303411607782614 -0.21210515517818593 -2.899660677048735 -0.023641459101512934 0.9925281917049059 -0.11970325844580684 0.5708616490150148 0.2107960723116116 0.12199378319487536 0.9698878970065559 16.858746301248615
22 0.9759752647070227 -0.0076588158478120665 -0.21774669967617963 -3.2772392486897224 -0.018893506886656454 0.9926426153988792 -0.11959796608471021 0.3878080213468711 0.21706063257832783 0.12083865608247128 0.9686499372739765 17.766449885633712
23 0.97395211642786 -0.007100264129290583 -0.2266425846018112 -3.5521938600921037 -0.021499710863325836 0.9921151527425953 -0.12347180298081452 0.3033997735153311 0.22573222517061423 0.1251283745750445 0.9661199989627227 18.724194743122595
24 0.9715735564109768 -0.012858577854279024 -0.23638841227626448 -3.8914249946825596 -0.01773088855446497 0.991766832525097 -0.1268233633610497 0.2806019064837673 0.23607295529899117 0.12740960347258237 0.9633464344250008 19.664621478663165
25 0.9625696671567453 -0.011498693790602643 -0.27079035416879843 -3.195278821482459 -0.025813563526612578 0.9906686140179372 -0.13382584629973474 0.35560946903348595 0.269802327591474 0.13580676504136502 0.9532907356075712 20.378592327243386
26 0.960986235199065 -0.011145774282324689 -0.27637153882694826 -3.5704447715576975 -0.027038455331726968 0.9906168075257245 -0.13396739372257432 0.13908964876493302 0.27527146212370895 0.1362134815424334 0.9516677516793173 21.279907852060234
27 0.9587106438391302 -0.01255785642426621 -0.28410596901787993 -3.987469885036165 -0.027300106528941798 0.9903465768261311 -0.13589835154362864 -0.015496470122066036 0.2830699661671078 0.1380433200261039 0.9491129732810131 22.175560239646053
28 0.9563906749672597 -0.00750968904488217 -0.2919939749483183 -4.172841358535838 -0.03471588952864895 0.9896611480779731 -0.13916040744129138 -0.19971958426186084 0.2900201441677723 0.14322854728140394 0.9462419876651877 23.140805942288203
29 0.9543821493478222 -0.006473204402060501 -0.2985176889750435 -4.537975597748377 -0.03761405746224466 0.9891940577912106 -0.14170497066718885 -0.35269774722455016 0.29620920961817027 0.14646915668781743 0.9438256673117874 24.059105831231275
30 0.951629339242558 -0.009086603091177058 -0.3071140412567239 -4.864600974448926 -0.037809676643159186 0.9885019514205639 -0.14640464606657708 -0.49446672886849136 0.30491315029793636 0.15093483989207565 0.9403438971366507 24.993566866494927
31 0.9500528501970158 -0.009989248249175726 -0.31192915341779753 -5.122633449852092 -0.03990216098233329 0.987396750047553 -0.15315180555407526 -0.6802154739788289 0.3095277040307765 0.1579489573743408 0.9376805038507503 25.941679010264433
32 0.9471202555234987 -0.006224613457887498 -0.32081844673335613 -5.135578938474684 -0.04870596497314402 0.9854380849573643 -0.16290951381549462 -0.814623129919043 0.3171607648082255 0.16992067308147404 0.933025194796905 26.932520550819792
33 0.94631454299025 -0.005547796336270715 -0.3231996405953551 -5.51887795144743 -0.05290426474905808 0.9837125338051047 -0.17178704725940946 -0.9873985744823984 0.31888857721129127 0.17966322117079175 0.9306079745428232 27.83984104547623
34 0.9455955265234599 -0.0042442801334114846 -0.32531690135154473 -6.026694687586387 -0.05772920309872059 0.9818589824350044 -0.18061084607876923 -1.160597612058976 0.3201818850370752 0.1895650942613972 0.9281964423179907 28.68371558699475
35 0.9444930522661099 -0.00294471794569477 -0.32851819258188547 -6.431437580851594 -0.06195369713096091 0.9804223682683174 -0.1869056425337478 -1.3609959496446935 0.32263696906794226 0.19688399810523224 0.9258196787067948 29.575917194843562
36 0.942589367065734 -0.004959486763984129 -0.33391718821536803 -6.795888288147674 -0.063738890339934 0.9788370503941389 -0.1944617767941549 -1.470729533356597 0.32781494647268805 0.204581114844888 0.9223252833561126 30.50065187172101
37 0.9401608887619385 -0.0036561675996176573 -0.3407112203624143 -7.084284513230655 -0.06904478264294263 0.9771532193496795 -0.2010084672454131 -1.6550532522387922 0.3336619867622156 0.212504632063031 0.9184287996037845 31.440254133289233
38 0.9380751260857048 -0.0023946110417123363 -0.3464236187924383 -7.47145034875956 -0.0739022666765662 0.9755749212689704 -0.2068623406304609 -1.8329656482605539 0.33845754974129383 0.21965390762264292 0.914985599826153 32.344936269668615
39 0.9363343178640698 0.0006460361809027597 -0.351109139481274 -7.919938982467972 -0.07996520221320079 0.9741103948011851 -0.21145804589867548 -2.0020217936982516 0.3418824531922621 0.22607193919520108 0.9121446521839418 33.22259107850407
40 0.9346218653229256 0.0007050337810566224 -0.3556423368887114 -8.273928147562966 -0.08117592955809344 0.9740232816789207 -0.2113980019011783 -2.246403119845793 0.34625487360851576 0.22644679284380298 0.9104006878913861 34.12534764358695
41 0.9616637611335971 0.0077529713234839375 -0.2741216918779733 -9.17391179785825 -0.06111562287968694 0.9805195498104001 -0.18667161830241594 -2.470886909372633 0.2673344184941619 0.1962684491988152 0.9434039455808328 33.751667978092165
42 0.9590489986349714 0.006580414723901252 -0.2831637624402562 -9.401265638361398 -0.0616804732035709 0.9805893938169918 -0.18611813441739777 -2.624020832484394 0.2764426479331437 0.19596208600314555 0.9408391590771561 34.713364524991576
43 0.9702899342986215 0.004869721629916835 -0.24189611243264314 -10.400663360783303 -0.05126687681910388 0.9812327122900583 -0.18588725527349723 -2.6580818427455837 0.23645115960124458 0.19276579160616672 0.9523298791436074 34.706728178218974
44 0.9681156329616637 0.002769437265010306 -0.25048842574553126 -10.668079708901114 -0.0498324080365512 0.98208318257371 -0.1817397964540943 -2.8451345759826348 0.24549715368376757 0.18842758021934336 0.9509080894312839 35.651979339398046
45 0.9653826072436715 0.016578169288706587 -0.26031055670957437 -10.927064665999646 -0.06462185933738963 0.98206700176279 -0.17711131907483063 -3.1333613704779464 0.2527062268074897 0.18780193986592505 0.9491417145586428 36.57385357940025
46 0.9631620463519547 0.01775807994405684 -0.2683347220614918 -11.341143430695244 -0.06591380641840577 0.9829697595756551 -0.17153956360915668 -3.2875529472671996 0.26071870422785115 0.18290736074783562 0.9479296675650649 37.47093982575757
47 0.9604311606760543 0.016903928946958954 -0.2780040337631922 -11.666179089348216 -0.06568998738032081 0.983744834248769 -0.16712548174003622 -3.420764370363201 0.27065995512693586 0.1787746025823922 0.9459296116319624 38.40721251346237
48 0.9561396711492268 0.020718242130959495 -0.29217748663723797 -11.68469828922392 -0.0716251515718986 0.9837508876028819 -0.1646330124939989 -3.6645325192781306 0.28401895547630474 0.17833941190059419 0.9420871971813977 39.37686923620185
49 0.9533367037275319 0.010489130127327134 -0.3017268756261186 -12.137791952128302 -0.06237962022028615 0.98467464109597 -0.16286385161753963 -3.76912541235609 0.29539450311407656 0.17408569607440405 0.9393807843213954 40.26217510211187
50 0.9492385518353784 0.00728053411111168 -0.3144728375114997 -12.350433758246835 -0.061182138678250966 0.9849125605330907 -0.16187647763313395 -3.8900771618103165 0.3085497006743931 0.1728995146640934 0.9353624110699902 41.23179056547737
51 0.9453587497199518 0.007365264549823598 -0.3259487493549319 -12.514793447731499 -0.06323632560218084 0.9849017908253722 -0.16115095269130086 -4.0066071539172805 0.3198405878351789 0.1729572651005142 0.9315512776128858 42.21128362202333
52 0.9426727998584294 0.006239962628830408 -0.3336600894225505 -12.888412764018657 -0.06332292981053418 0.9850054645565193 -0.16048190350942756 -4.132530205285604 0.3276556105813932 0.17241026043486826 0.928932991636812 43.130278715886746
53 0.9402288701753047 0.01127755659782633 -0.34035641378716147 -13.240897834644079 -0.0684619092929757 0.9853059686016016 -0.1564772034963049 -4.337664137465467 0.3335905257093992 0.17042583488537788 0.9271852004645842 44.04333639789079
54 0.9371282570719127 0.016288271392192653 -0.3486048221301864 -13.61907991236477 -0.07336435951175989 0.9857830994925572 -0.15116001954313146 -4.513936842471724 0.34118660690280084 0.16723149585962788 0.9250001762500953 44.952130240357086
55 0.9347074177066735 0.019334586148669106 -0.3548918385404027 -14.043268311980226 -0.07603504108862139 0.9862801540411384 -0.1465268926553873 -4.700906320775593 0.3471897406189223 0.16394398969325324 0.9233534817459814 45.838192657460674
56 0.930886826083769 0.013657783248660712 -0.36505230033575314 -14.324136077628092 -0.07061561882847095 0.9871804616491163 -0.14313689432048193 -4.846419794437647 0.35841756596105745 0.15902264405047076 0.9199177393059396 46.78684387344439
57 0.927374319208043 0.011429569351159763 -0.3739602078000695 -14.625704588390201 -0.0697937589132159 0.9872724794576059 -0.14290515218982983 -4.967688010329642 0.3675672774921048 0.15862665751702876 0.9163688558882932 47.73254491869142
58 0.924289054796793 0.00792474738182022 -0.3816109819722053 -14.920477624703159 -0.06588820370046901 0.9880886541013831 -0.13906673307892814 -5.136591352416949 0.3759634131065293 0.15368152209243702 0.91380167529538 48.67306631453884
59 0.9215423392102858 0.0119944293978985 -0.3880925800711201 -15.29388569371802 -0.0716260839258857 0.9876203290321948 -0.1395556870349073 -5.3048442762609564 0.3816142310527242 0.15640402669920458 0.9109930620429085 49.58534772313728
60 0.9199466949903644 0.011847107918429191 -0.3918644209548504 -15.77469659059632 -0.07204826932486476 0.9876281224798716 -0.1392829443046752 -5.446717766812894 0.38536622252422875 0.1563660383291255 0.9094187905440831 50.45061809111861
61 0.9177801032153287 0.0034074384619566882 -0.3970743903920194 -16.05992137472343 -0.06312499429876377 0.9884991289859747 -0.13742163981249186 -5.570308398859563 0.39203943353206666 0.15118816610627842 0.9074399269292037 51.40107702603617
62 0.913908346331793 0.004072255757179702 -0.40590017398141215 -16.227098816122947 -0.06561574190871651 0.9882810781009128 -0.13782265808447478 -5.7314130002658725 0.4005822126956696 0.15259071929924203 0.9034655296443704 52.37375221745074
63 0.9138392482229496 0.0030457460509678734 -0.40606471385520865 -16.733162998165028 -0.06405477589466106 0.9885339598794091 -0.1367391525870491 -5.848241374290124 0.400992287086498 0.1509679893528871 0.9035562250839112 53.22829898513239
64 0.93504345290465 0.002661475590266247 -0.35452314131497464 -17.677257375953435 -0.04954185329665902 0.9911414440556231 -0.1232243589850262 -6.049951222445125 0.3510546198939783 0.1327838642717168 0.9268921723912478 52.96753301565545
65 0.9353707702768427 0.005704287098472092 -0.3536226565428323 -18.061282171115575 -0.05241762366562603 0.991063090944123 -0.12266353369088182 -6.227813253086313 0.34976265529007144 0.1332719440317007 0.9273104517357992 53.87356284841571
66 0.9347325415556731 0.00586212614358623 -0.3553036887423967 -18.376303701167096 -0.053453973847046914 0.990806387807239 -0.12427942130672692 -6.378582396817419 0.35130862305327965 0.13516041413485147 0.926452326792537 54.81059545668507
67 0.9329609068373116 -0.002526693316531175 -0.35996883494851456 -18.30645259906148 -0.04449964814677751 0.9914959526578102 -0.1222929154857261 -6.535134105851936 0.35721663991298286 0.13011299653593836 0.9249145259437321 55.79579206246712
68 0.9313301077753664 -0.006816225814382542 -0.3641123033032218 -18.49153290409107 -0.03889923303877024 0.9922428687212677 -0.1180717542039135 -6.65612161642075 0.36209264039505196 0.12412746961108481 0.9238405117008511 56.77103936515388
69 0.9297771305736422 -0.008647767686081479 -0.3680213357623418 -18.867801646491866 -0.035838698570587274 0.9928486205705169 -0.1138736331026317 -6.757326266444775 0.36637422856825386 0.11906650625855107 0.9228180165820351 57.69200595561709
70 0.9288071044082398 -0.007083605620681465 -0.370495864122933 -19.35920774729315 -0.035885421802391584 0.993398703536996 -0.10895527666471477 -6.888444735603782 0.3688219075868139 0.11449383609442963 0.9224215749755682 58.55301001689117
71 0.9265479773220392 -0.008497563210002891 -0.37608062585027874 -19.820328677523822 -0.03444088267359444 0.9936296605176461 -0.10730295121876127 -6.988985551168096 0.37459667849282485 0.11237388182821681 0.9203528883776066 59.43463297491806
72 0.9228909584769822 -0.013398349311997548 -0.3848282253124868 -20.270478184434207 -0.03121768021612996 0.993501293995633 -0.10945608832281015 -7.072138764765563 0.38379387101206935 0.11302947944262988 0.9164750958703141 60.3237060631373
73 0.9177451561551303 -0.012573429352307233 -0.39697070071747714 -20.554389002734695 -0.03556758770152495 0.9928810573373469 -0.11367564684562241 -7.227777033773764 0.3955739820625505 0.11844456518121953 0.9107645742419996 61.26984102639678
74 0.9130021600166716 -0.013196758098689068 -0.4077412186431283 -20.956013855604635 -0.035860309315930934 0.9930115953859887 -0.11243669171913019 -7.351804329784826 0.406375558137192 0.11727666932911589 0.9061484914624958 62.17720792122429
75 0.9078950248629158 -0.011329735974784481 -0.41904446173635757 -21.31876787841571 -0.03735875299714537 0.9934702716126146 -0.10780140535475417 -7.486378474099969 0.41752957696226983 0.11352733883962973 0.9015434519188199 63.09932465909787
76 0.9039657245115335 -0.005638565910940852 -0.42756774373520434 -21.72571256856837 -0.04226762047616341 0.9938378232188982 -0.1024686752076396 -7.6444537051573604 0.4255107723694478 0.11070044205004971 0.8981569989302993 63.99899584644607
77 0.9014302488716947 -0.007039481287962114 -0.43286712987049253 -22.246245266633238 -0.042060144736249624 0.9937137901010201 -0.10374896427355487 -7.75843467045036 0.4308763754037617 0.11172890952483293 0.8954675872946548 64.84519559819786
78 0.8986214833678997 -0.01119060407196495 -0.43858203338735435 -22.7222095587705 -0.04006054746133273 0.9934054237103064 -0.10742819313405845 -7.859837695246919 0.43689195736224434 0.11410711933785186 0.892247153488654 65.71879471982596
79 0.8728740725633285 -0.01591372741793747 -0.48768597142667813 -22.0884026461333 -0.04621476839293966 0.9922787862597849 -0.11509563641250135 -7.886352685008276 0.48575204465270966 0.12300229180919486 0.8653989758056103 66.49183141668111
80 0.868820580088902 -0.02171067055845363 -0.494650832808247 -22.577772866215454 -0.04159292638144265 0.9923066630889442 -0.11660838247877595 -7.9834692915693175 0.4933769637410395 0.1218857388815721 0.8612334400770607 67.35848309422065
81 0.8671661353605402 -0.021298569737181333 -0.49756332723686636 -23.184544918653117 -0.03945728390375445 0.9930062045413727 -0.11127353903458019 -8.115233913041285 0.4964534385970162 0.11612514297564866 0.8602609688193963 68.14236176115026
82 0.8637987565297761 -0.015322307853900277 -0.503603946668062 -23.625523549070067 -0.04533064754995855 0.993120283366267 -0.10796867675030293 -8.223331394847202 0.5017936237852971 0.11609190243463369 0.8571614954706782 69.03334591641138
83 0.8615395408145071 -0.015604721678950688 -0.5074506008218505 -24.2649198287246 -0.04262342121467559 0.9937754719312561 -0.10292499867267445 -8.329230244433392 0.5058980765349801 0.11030323750200824 0.8555117368889712 69.79489553660171
84 0.8589099146625657 -0.01558530043452449 -0.5118894967712426 -24.793520712796813 -0.04338475890364861 0.9937293769133034 -0.10305187118327591 -8.442230887564993 0.5102857253095964 0.11072047698929788 0.8528478495725499 70.63621115362992
85 0.8569552706350253 -0.01744170327683943 -0.5150955747409007 -25.448136127689082 -0.04226933339061583 0.9936818227661921 -0.10396989255921976 -8.535814577704743 0.5136545218851233 0.11087029469478968 0.8508036259333045 71.38635830726473
86 0.8540687462272054 -0.021743157513297407 -0.5197055048960397 -26.03740637923973 -0.03907004958325557 0.9936220192450324 -0.10577719081631602 -8.642947793815246 0.5186907635721336 0.11064591328545187 0.8477720057056543 72.18715980473453
87 0.8513483111092988 -0.025511178835898426 -0.5239801837147601 -26.69588260042594 -0.03517767298986085 0.9937925724162374 -0.10554077095293937 -8.731990444173588 0.5234200844164675 0.10828436135922624 0.8451662039590115 72.93447530846319
88 0.8447105259623471 -0.022751545404957694 -0.5347396511482084 -27.054327263360175 -0.04003017021078041 0.993612262378036 -0.10550951390705209 -8.842913941730442 0.5337243793163882 0.1105307169405688 0.8384039882633808 73.86141293940786
89 0.8405724402284045 -0.02325597533714121 -0.5411997157608185 -27.58712552758089 -0.039953083131096495 0.9936953047741277 -0.10475396134837921 -8.938125660236015 0.5402237722963121 0.1096758908486001 0.834343739002404 74.70228195919215
90 0.83809669798742 -0.023398687283090972 -0.545019656761129 -28.220637654323173 -0.04037642220558247 0.9936787434711013 -0.10474874368494455 -9.087300860044826 0.5440254310511933 0.10979552067243435 0.8318541182261683 75.46149809611069
91 0.8337013436328132 -0.02253875705222024 -0.5517554476898169 -28.786016377822385 -0.04272540288879573 0.9935388460627821 -0.10514324187616622 -9.200863638642796 0.5505602690447148 0.11123203652492113 0.8273516931752382 76.27847444870008
92 0.8223107746941604 -0.021258121732025462 -0.5686414354251055 -29.071724471555004 -0.0473195970315389 0.9932862436254954 -0.10556180161938186 -9.370530783530798 0.5670677612389237 0.11371249114796966 0.8157840544656423 77.22165203051641
93 0.8188496504300922 -0.023742434076678674 -0.5735168234800432 -29.646662845301822 -0.04525351485709197 0.9933641145149257 -0.10573483525811511 -9.476996660056159 0.5722214341183165 0.11253458568121841 0.8123414290562423 78.03289236241841
94 0.8122302231896245 -0.022847723429904074 -0.5828893943720472 -30.124303930273896 -0.04889186675131336 0.9930504104168698 -0.10705357414146584 -9.608030961348069 0.5812844830050462 0.11545069971832427 0.8054684883669314 78.90162075078511
95 0.8665885305489771 -0.03581758669782938 -0.4977362948430792 -30.925862608204604 -0.03324382219292964 0.9910615147473438 -0.1291972223877492 -9.393285588791557 0.4979148192976634 0.12850748867866352 0.8576518280032303 78.3435991092058
96 0.8617329649130046 -0.03353182701006198 -0.50625281605105 -31.434637380746032 -0.03657893809331974 0.9911109383398824 -0.12791047334369213 -9.539693005502812 0.5060417756862269 0.12874286255052392 0.8528464085652419 79.1919581657064
97 0.8562672307453589 -0.04539702744204365 -0.5145342937561197 -32.06933716357091 -0.024871269853322848 0.9913513692448667 -0.1288560539214814 -9.586894804411067 0.5159339587287218 0.12313233841578292 0.847732609651637 79.96327407458944
98 0.8526889348286173 -0.046822187215918014 -0.5203165029144894 -32.68777487277535 -0.02360451927317826 0.9915053223941602 -0.12790630294844008 -9.757027286679419 0.5218854351058688 0.12134611083065681 0.8443404017401018 80.73047009873845
99 0.8496640349447149 -0.03618605583557105 -0.5260813597577277 -33.25837486677327 -0.03962669447187398 0.990440408321633 -0.13212691871421536 -9.957541816411137 0.5258333890882597 0.13311035688335499 0.8401076596546099 81.52684285155485
100 0.8445284054240005 -0.03612255780221199 -0.5342910566814958 -33.77404549810841 -0.041856926405615134 0.9902172457305973 -0.13310824155396092 -10.073482684329058 0.5338724289732265 0.1347774731202726 0.8347546120396978 82.37574892176258
101 0.8411842346793382 -0.03562187406603386 -0.539574059249486 -34.39824425371641 -0.04379042499907861 0.9900632318948911 -0.1336308180332898 -10.194408897740981 0.538972617374098 0.13603631546319775 0.8312656847218681 83.14759914636184
102 0.837822356033164 -0.03705218196496835 -0.5446841612739272 -35.00444792509544 -0.042781602931063825 0.9901704670921538 -0.13316223394475676 -10.318302279258521 0.5442641219644409 0.1348687587815617 0.828001801596471 83.93319928009879
103 0.8327541916908735 -0.04129698478794089 -0.5521005481510708 -35.50787293515786 -0.03959054130149459 0.9902193742229413 -0.13378407959463834 -10.434423889194681 0.5522255386538859 0.13326721330954652 0.8229743643122414 84.7893996025506
104 0.8296371400290536 -0.04357798558326346 -0.5565996542012274 -36.0984452941978 -0.03937257844963024 0.9899001605968482 -0.13618910425054417 -10.5775115946033 0.5569129341583663 0.13490230319406327 0.8195421602090158 85.58359744152261
105 0.8257135235648164 -0.040185082981482705 -0.5626564992141787 -36.64551633121615 -0.04598438456998209 0.9893442622966442 -0.1381425605540619 -10.775730911830761 0.5622122496493482 0.139939593961234 0.8150670502395417 86.39687623255199
106 0.8226018076711301 -0.0388121953303143 -0.5672917058355769 -37.28486957125498 -0.049093158335105774 0.9890946798964745 -0.13885811465369557 -10.926154815348978 0.5664945967059722 0.14207507835221264 0.811725658097706 87.15093199096188
107 0.8197197456562997 -0.04256523078150964 -0.5711810043319864 -37.979586217191404 -0.04371738082073006 0.9896760339459438 -0.13649226515523405 -11.027215199024972 0.5710939760470815 0.13685594305168358 0.8093961461325188 87.86308057662562
108 0.8146619189247865 -0.04650738413993038 -0.5780683532889985 -38.555642870028805 -0.03915991770358788 0.9900927987229552 -0.13484343054965134 -11.142827938194232 0.5786125292342327 0.13248891771741303 0.8047696736925646 88.6722730194162
109 0.8119946308267832 -0.04176195556079481 -0.5821689261513554 -39.18538312730109 -0.04618081511943459 0.9897129534795641 -0.13540901753453277 -11.322009822417701 0.5818350729420199 0.1368364314413804 0.8017130028413829 89.42813084722583
110 0.8095289995318232 -0.041869551108041705 -0.5855849550722977 -39.83926706400793 -0.046607330396950274 0.989721974806264 -0.13519678006100405 -11.466973900401552 0.5852269268861819 0.13673826627015076 0.799257211781535 90.17070827396134
111 0.806495756025722 -0.0413611579453614 -0.5897913615219581 -40.4659400014767 -0.04772085319938414 0.989741578122161 -0.1346637616665443 -11.628824259692966 0.589310882272322 0.1367510999470741 0.7962485922742261 90.93299790721846
112 0.8047650937351468 -0.04079812518623658 -0.59218971359418 -41.12370182209743 -0.04823867680777389 0.9898405871527073 -0.13374842834599915 -11.7860454120993 0.5916300991729747 0.13620251536910843 0.7946211050303831 91.66963275271303
113 0.8048466718365616 -0.04511492881969521 -0.5917655600245866 -41.91962293762958 -0.04288571530393828 0.9900787227068976 -0.1338093354962711 -11.931897147687225 0.5919312887012367 0.13307428835877752 0.7949267785364267 92.257201352881
114 0.8013202454416313 -0.04983983706193978 -0.596155898139918 -42.52727355204049 -0.040523615760172806 0.9897124906418341 -0.1372115972987134 -12.058242782376754 0.5968615426555725 0.13410882406240623 0.7910569652100993 93.04129158393341
115 0.7971550261300748 -0.057965968677935395 -0.6009856993230356 -43.17166954885038 -0.03213083398680842 0.989897544228493 -0.13809584149320447 -12.200645052464486 0.6029191273477423 0.1293939665529057 0.7872393075157932 93.79260734863438
116 0.7929951411460311 -0.06637436768146099 -0.6056014774038142 -43.927970928830284 -0.02309653439220464 0.9900574544778185 -0.13875441229732788 -12.295338413600982 0.608789993779571 0.12401887079796964 0.7835777326850666 94.43994141405776
117 0.786376335699297 -0.07377071587499456 -0.613327106959612 -44.60390179576228 -0.015245918870261867 0.9902239134716357 -0.13865122843568353 -12.399736213433963 0.617559568727665 0.11838278095148325 0.7775639499405158 95.16947452576335
118 0.7721674128745617 -0.07422448296893057 -0.6310691028901756 -45.015319825609595 -0.01738226835798332 0.9903149624382828 -0.1377466221640205 -12.557494187653395 0.6351813469863535 0.11733286604776606 0.7633987522819394 96.06716469710634
119 0.7660590426903627 -0.07274857849601596 -0.6386401079161425 -45.702063371974944 -0.018243567704557873 0.9907133961372587 -0.1347372960675423 -12.725527142442004 0.6425112572305496 0.11486779876888566 0.7576177618944884 96.77437627272754
120 0.7565740872450499 -0.07172486962533593 -0.6499624555207442 -46.231964896416066 -0.021486371183461597 0.9907027233437709 -0.13433707534633696 -12.87892410137603 0.6535548842132989 0.11560128541937993 0.7479989011558328 97.6084468632976
121 0.7460503342401708 -0.07418846481633815 -0.6617438858564028 -46.835989684792814 -0.02297495428293288 0.9903147139842573 -0.13692669112331962 -13.000466385259541 0.6654930882975143 0.1173577398838206 0.7371201464602654 98.39608988628736
122 0.7198684783609861 -0.07700224673904349 -0.6898260852268384 -46.97819690131393 -0.0285000504417814 0.9897103558462831 -0.14021825364568344 -13.093693995775162 0.6935251410715619 0.1205987797942907 0.7102667196298885 99.38156684359352
123 0.7143786721378313 -0.0778706458190036 -0.6954130249817928 -47.74723899159658 -0.030038322945927846 0.9894602544128834 -0.1416548766961221 -13.244175380305569 0.6991143055744051 0.12208426441967354 0.7045101987354966 100.00279918663185
124 0.707273557094286 -0.08473712837193204 -0.7018430982138975 -48.553130215520454 -0.020490699564019225 0.9899158436687351 -0.14016687798834324 -13.3443597581428 0.7066429416516096 0.11351758312462329 0.6984049765970373 100.58632503672438
125 0.7007410597564426 -0.08573659389706068 -0.7082451578643911 -49.35248881070372 -0.0182158920266809 0.9902784913709124 -0.13790101814645173 -13.500329126819176 0.7131831102674392 0.10953422359785762 0.6923670306203786 101.1665830708301
126 0.6899916776296368 -0.0832924524652464 -0.7190089374716926 -49.974293537583286 -0.023172330084814338 0.9903058451390427 -0.13695757080896134 -13.693031674549738 0.7234462856605177 0.11116069715677708 0.6813727109091059 101.92567767475607
127 0.6819233113164762 -0.09033475752783504 -0.7258238278436218 -50.78186839999161 -0.017356765432077127 0.9900658817813508 -0.1395288229229261 -13.76918122027831 0.7312177107389172 0.1077459115512105 0.673581084982157 102.51050596947331
128 0.6751229558909955 -0.0940962322338857 -0.7316795019053081 -51.604436832246684 -0.01556678247511439 0.9897938202967682 -0.14165404542654764 -13.867765950551853 0.7375409615980938 0.10702379418309636 0.6667677537520972 103.0705615486517
129 0.6679217073943263 -0.09344637290162609 -0.7383416337868169 -52.35201177946149 -0.01838124426234916 0.9897119624988328 -0.14188855184997207 -14.033392307580362 0.7440045181110051 0.10834208240435068 0.6593324428622512 103.71375639188902
130 0.6618258591255455 -0.09314893468272906 -0.7438479738227524 -53.16193972035673 -0.02000677781155675 0.9897021674074603 -0.14173689946721615 -14.177831781332586 0.7493905933160094 0.10868714707093614 0.6531468768286838 104.28222272626776
131 0.6537319232744953 -0.09572216273243712 -0.7506476137667145 -53.94814437243415 -0.01711892425818123 0.9898426392096379 -0.14113288785660902 -14.26426794335123 0.7565325605962483 0.10511335453307069 0.6454530714594928 104.89411410894819
132 0.6464036799798151 -0.096523095431527 -0.7568656251653115 -54.70080676027446 -0.015845879103492354 0.9900536959185994 -0.13979480431462038 -14.403701144748313 0.7628310369554366 0.10235707781749401 0.6384448587608499 105.53758727656218
133 0.6414445765018901 -0.09499233684303238 -0.7612655983409596 -55.47661601523164 -0.019386463357426217 0.9899805044260555 -0.13986695783789702 -14.556472092408717 0.7669243904248075 0.10447514983742005 0.6331760595900565 106.14978090647907
134 0.6375512112492956 -0.09566526868974946 -0.7644452952311775 -56.27761667129124 -0.02097835137257048 0.9897366623371455 -0.14135504235583551 -14.707125250531233 0.7701223033514735 0.10615788115119958 0.6290009079088148 106.72917850932
135 0.630469927702612 -0.09820699177959641 -0.7699760106836273 -57.010170731372966 -0.01881892172913206 0.989738483504939 -0.14164597577870172 -14.897069330987748 0.7759855145296444 0.10379364705863642 0.6221522000848624 107.38284952991697
136 0.6250852787455614 -0.09998628132443471 -0.7741260477742 -57.786390337733174 -0.021235824349247222 0.9892162380550479 -0.14491471330555397 -15.030278082375748 0.7802675402502136 0.10702325940637435 0.6162212164295561 107.99907882940987
137 0.6181403205815551 -0.10158340780216249 -0.7794763340414128 -58.491073039961016 -0.02156751553369119 0.9890496087106962 -0.14599901980125174 -15.239020207609025 0.7857718413454684 0.10705924951718737 0.6091805401039772 108.6772005419484
138 0.6147386771623551 -0.10356381818559056 -0.7819021002424205 -59.29154224669684 -0.019194252475070728 0.9890841894041879 -0.14609601959871202 -15.387622456317258 0.7884972668189719 0.1048189008190543 0.6060404757523222 109.25786087084406
139 0.6118076709650189 -0.10177648792660124 -0.784431590550568 -60.106009348245 -0.019156694083670763 0.9894905457612944 -0.14332299508733362 -15.539175707306763 0.790774553920325 0.10271322450017122 0.6034282048304445 109.817927785187
140 0.6090867854002644 -0.09884861851098438 -0.7869194612342804 -60.87672889977526 -0.01854057650127337 0.9901568285552569 -0.13872887907137388 -15.720875947088109 0.7928868363023732 0.0990878681389078 0.6012587290061611 110.428645740499
141 0.6067272100635018 -0.09732196959066464 -0.7889299885310237 -61.680797672725234 -0.018270475573717717 0.9905074565532765 -0.13623937842882644 -15.894120892319643 0.7947001211768032 0.09707426473229493 0.5991897066274279 110.99738082905752
142 0.6062596782094475 -0.09423777649461029 -0.7896635005233158 -62.48310705241672 -0.020085014849296746 0.9908231356165301 -0.1336641541533651 -16.096503100384783 0.7950130785472631 0.09689559089295019 0.5988033478566345 111.55893323951001
143 0.6024744958186521 -0.09329084393508744 -0.7926672065412741 -63.261271622414306 -0.01930877351453009 0.9911510835297626 -0.13132669524185672 -16.257044971027124 0.7979045390638543 0.09442641674126043 0.5953419171893641 112.16612859736648
144 0.6016699432539169 -0.08844344539172493 -0.7938331287821612 -64.06352746659454 -0.02032361594159083 0.9918338201411733 -0.1259072033651412 -16.49095328103097 0.7984862117305249 0.09188814021157535 0.5949591073046093 112.71537579716482
145 0.5963257550597479 -0.09018463280809921 -0.7976605329698191 -64.8225460908801 -0.016785531652382814 0.9920510566920756 -0.12471145433876046 -16.63986071946384 0.8025670315221216 0.08775780897327466 0.5900717980703575 113.34918753354152
146 0.5919916496396458 -0.08982441953881798 -0.800922880439466 -65.55920131053202 -0.015940854337185246 0.9922703605999904 -0.12306673245752249 -16.804105854520156 0.8057864333844554 0.08562187361206572 0.5859838893115771 114.0052078518314
147 0.6122278256843589 -0.08123671560914292 -0.7864970982113334 -66.5014796408644 -0.008828570516551882 0.9939436115628637 -0.10953608252996559 -17.13775883367236 0.7906321180677452 0.07400468341441768 0.6078027317415141 113.97715061851915
148 0.605211111019415 -0.07943633104651791 -0.792091775243576 -67.15711421322658 -0.010275343337856522 0.9941464899101847 -0.10755079692198705 -17.261473085320223 0.7959986989527504 0.0732299529231499 0.6008522657529104 114.72202516564002
149 0.611824539282492 -0.08175792548678314 -0.7867568714360689 -68.05469060799946 -0.004725485984116713 0.9942483563908519 -0.10699474564813821 -17.418131511361384 0.7909793949519175 0.06917982021122994 0.6079191963057617 115.13411102891159
150 0.6096791296273246 -0.08434151636774549 -0.7881483791226522 -68.81156148743916 -0.0021059952261839364 0.9941470333311988 -0.10801500313794199 -17.533158878285345 0.792645522291053 0.06751433050336869 0.6059330748264433 115.77747344421252
151 0.6074176559681904 -0.0847392145306654 -0.7898500216742679 -69.58542408511246 -0.002476136303824586 0.994087352244321 -0.10855507752696941 -17.678266816838626 0.7943787889245634 0.06789404772752182 0.6036163831357789 116.3939800268587
152 0.6105342612406464 -0.08296179846522943 -0.7876326909459508 -70.39981877212819 -0.005644247021112608 0.9940174363115173 -0.10907556456076481 -17.827923163458195 0.7919697334179321 0.07103996337807227 0.6064134439086707 116.95466200469201
153 0.6132382956873992 -0.08792392291598024 -0.7849892843099742 -71.22439999373073 -0.004073839560711261 0.9934204174033476 -0.11445207782036321 -17.882557849291896 0.7898874583503872 0.07338431821943701 0.6088452553648066 117.51776133784989
154 0.6200370603532945 -0.09184668930679735 -0.7791779189965744 -72.07006210443792 -0.00140073977191114 0.9929929756747906 -0.1181650887048349 -17.98244691892002 0.7845712727640715 0.07435816041366411 0.6155637919283945 118.04204921716536
155 0.6277784522428832 -0.08597976391371141 -0.7736289130435083 -72.88595704373019 -0.0064907558305859125 0.9932679885875654 -0.11565713525747456 -18.18951255746683 0.7783650077656852 0.07762849441922484 0.6229941665378033 118.58190036042791
156 0.6373064296667631 -0.09286495492612987 -0.7649945194914659 -73.74543957030724 -0.001177244222628602 0.9925938352245737 -0.1214746573167305 -18.240683460449937 0.7706095828206357 0.07831716620350052 0.6324771081571751 119.09049778445251
157 0.6443419082729265 -0.09241792699630018 -0.7591326840631474 -74.54568482300022 0.0006751739791443656 0.992739237937085 -0.12028445286153355 -18.391555723865473 0.7647372422734853 0.07699176793319135 0.6397258928247868 119.67088138752788
158 0.6481436578750049 -0.08932061500887922 -0.7562616124667789 -75.22996467905551 -0.002083855340806111 0.9928856221445651 -0.11905376468437785 -18.535373181474228 0.7615152372983466 0.07873988300349231 0.643346387404984 120.38577833171198
159 0.6564254231629923 -0.0863033231776559 -0.7494380563020456 -75.99386713745791 -0.0029374635371304837 0.9931346746058243 -0.1169396827580608 -18.70518844476572 0.754385203637816 0.07896362838092168 0.6516653358321701 121.00836631996306
160 0.691865448548741 -0.08925322661112409 -0.7164887037797324 -76.98207299344452 0.002039851160711626 0.9925679286160256 -0.12167475535269881 -18.748737999614182 0.7220235733371078 0.082721029551892 0.6869055181139496 121.15517429199306
161 0.7057195822520371 -0.0864309138468736 -0.7031995224384137 -77.7808322274519 0.0020647697380107924 0.9927776582194849 -0.11995106529818551 -18.939321372203096 0.7084882555801678 0.08319987127710007 0.7008010938379372 121.72584201261911
162 0.7062190626275144 -0.08700436502268138 -0.7026271244753676 -78.323859398292 0.0005324608555199938 0.9924854515666913 -0.12236153363661025 -19.073066464430706 0.7079931866963455 0.08603992682419075 0.7009584713687725 122.55483765714061
163 0.7089003774182705 -0.08728315724905734 -0.6998870661448738 -78.85771519444157 -0.0025890875526167314 0.9919844906863973 -0.1263331582099459 -19.191325016027942 0.7053038720013681 0.09136969310370231 0.7029921957760398 123.39210281500588
164 0.7053184929591011 -0.08434508591650737 -0.7038549069031546 -79.26614283094008 -0.007619242303935345 0.9919370977753432 -0.1265019415018939 -19.310608742111242 0.7088496109680662 0.09458700049702966 0.6989889329362807 124.29706594195927
165 0.7266849745569776 -0.07874738767647793 -0.6824425226253598 -80.11475627027765 -0.006483250909339623 0.9925778918663417 -0.12143762199508355 -19.49602610058129 0.6869402561683129 0.09267134203550957 0.720780900704753 124.79252105582076
166 0.7347919403488964 -0.0735077938396478 -0.6742977151400862 -80.7611243913428 -0.007812617136363114 0.9931272954661158 -0.11677815726258571 -19.65626635002042 0.678247571130032 0.09107567933220533 0.7291676438860915 125.53853130226602
