0 1.0 1.1976249852940768e-11 1.7046379585661242e-10 1.6653349339844288e-16 1.1976249852940768e-11 1.0 3.562503070320133e-10 -1.1102230246251565e-16 1.7046379585661242e-10 3.562503070320133e-10 1.0 2.220446049250313e-16
1 0.9998272282827606 0.0015099746491713845 0.018526563657920873 -0.4050011381719744 -0.001493033409920833 0.9999984546227867 -0.0009282258750932857 0.01292999462743262 -0.018527936285126705 0.0009004054384170059 0.9998279376207991 0.9142247550119029
2 0.999198512079632 0.003668914972286804 0.0398606638275968 -0.4207737830469962 -0.0036642224903254343 0.9999932685157367 -0.00019077933227127546 -0.028097145653071906 -0.03986109512126997 4.456879781186255e-05 0.9992052297247825 1.9132582877075728
3 0.997761834986914 0.004903431442649302 0.06668790747680237 -0.12989057280833916 -0.004981394909963803 0.999987089920345 0.0010028446488119644 -0.028638408682229298 -0.06668212881400581 -0.001332798205702771 0.9977733797540278 2.870016707200895
4 0.9950536584379452 0.004723259601971815 0.09922654709297761 0.1448057137860943 -0.005142177912598614 0.9999789121848892 0.00396650877216479 -0.0583816933172313 -0.09920571943567572 -0.004457128909677263 0.9950569628082268 3.8310876154136118
5 0.9906548579844264 0.0018285362261895102 0.13638038277966158 0.612328475281376 -0.0029260254780400802 0.9999649290027333 0.007847237696110612 -0.28498080740769716 -0.13636125048956946 -0.008172955907029043 0.990625465126282 4.68553206489333
6 0.9845100431862452 -0.00043922731034116394 0.1753276417020112 0.9640280073723786 -0.000977989920824468 0.9999675471146338 0.00799676517448279 -0.32209060980836024 -0.17532546387686176 -0.008044363581378439 0.9844776635002614 5.620909157028665
7 0.9761388477054863 -0.00011593769376123708 0.2171472692866705 1.481012355987906 -0.0021887897485653694 0.9999438022484581 0.010373116423290947 -0.46410854849551786 -0.21713626840234432 -0.01060089091706816 0.9760837372152399 6.465040713037379
8 0.9639805532611386 0.00047988677234812665 0.26597229675858286 1.7991049335947922 -0.0039996259549535795 0.9999114542873839 0.012691988697899951 -0.45561488748899387 -0.26594265500874065 -0.013298619275798371 0.963897116383413 7.413062320503537
9 0.9497207951620411 -0.0017486968586102967 0.31309320225146586 2.3367021693157484 -0.004298916944437619 0.9998173103065487 0.018624320779067633 -0.31848141803857566 -0.31306857132084115 -0.0190338657002215 0.949539773578565 8.245038054608619
10 0.9359163549969383 -0.011091195225266933 0.3520476698370845 3.2582805347144976 0.0014605875453811373 0.999617709610394 0.02760980473112289 -0.3905781947779753 -0.3522193108105059 -0.02532627065573801 0.935574762970252 7.863599456461802
11 0.9145518742350232 -0.01489598214057082 0.4041942343097871 3.747543605159274 0.0024890153396791128 0.9995099474131658 0.031203682871865344 -0.36357298881063144 -0.40446096706888923 -0.027531340297019643 0.9141407722113415 8.735317507590766
12 0.8900274249892411 -0.01848008639850802 0.4555322921305638 4.353407377488822 0.0022455189964972738 0.9993437020450767 0.03615415366560526 -0.5494323859090885 -0.45590145879720667 -0.03115528116843403 0.8894847993765232 9.50887124359281
13 0.8614964381587896 -0.022398389893460026 0.5072693556385011 4.842883725853432 0.0015306884965950482 0.9991366196504173 0.04151713220180747 -0.6616655284757237 -0.5077613058644124 -0.03499038944282426 0.8607869242231235 10.373635160239708
14 0.8306333529438161 -0.028199499247968954 0.5561052249525067 5.600448694663206 0.0032799718159992617 0.9989472439105069 0.045756372982210955 -0.6651622480649041 -0.5568100883105171 -0.03618275934205085 0.8298513924083205 11.026385562216257
15 0.7962468226141791 -0.03351067214900048 0.6040430715842596 6.351328712390458 0.005486026360683352 0.9988235857556734 0.048180369995964034 -0.6630737566306754 -0.6049470230182411 -0.03504966960772482 0.795493947181093 11.686820900541898
16 0.755700442947058 -0.037563004385852056 0.6538393237112081 6.873110158255355 0.005954330595645026 0.9987066324292321 0.0504936460262083 -0.6689842520335859 -0.6548903619186844 -0.03426489447943529 0.7549467073061028 12.539879619613115
17 0.7138979239264093 -0.04181963029761069 0.6989999089666143 7.47357146374787 0.007288269438864774 0.9986047842970841 0.052300725688658324 -0.7138405773075627 -0.700211850081302 -0.03224287911743807 0.7132066753416832 13.338274338177445
18 0.672023218747655 -0.043578322210197105 0.7392467269439796 8.23608631679615 0.005179027014958527 0.9985191501925774 0.05415426463235082 -0.766113259383846 -0.740511965331149 -0.03256434376099364 0.6712537468921969 13.983129874443899
19 0.6284139241540023 -0.044133714173013226 0.7766261360543203 9.003141094885153 -0.0003079799957113739 0.9983750241302365 0.05698435172282462 -0.73914265296929 -0.7778790682006487 -0.03604894469926702 0.627379174695302 14.624144352860935
20 0.5862771720375571 -0.044331654855547985 0.8088966447732462 9.800585164367336 -0.0025014605743317268 0.9983977500759046 0.056530304601737885 -0.6251517315706155 -0.8101066719399429 -0.03516584948569367 0.5852269159123982 15.216672016689051
21 0.5454752953027621 -0.046005443520728384 0.8368633110495571 10.660267019846476 -0.006101389366571374 0.9982479379149864 0.05885429038118582 -0.6406272707605628 -0.8381046921223901 -0.03720958963725629 0.5442388919228928 15.72726736916485
22 0.5064103483083845 -0.04705063153803698 0.8610080122728565 11.539293066699795 -0.008180170394962428 0.9982031800382537 0.05935904458316133 -0.5525933378663167 -0.8622538162574902 -0.03710322599925268 0.5051155382383726 16.19584311654667
23 0.4678569406271017 -0.046372742534491335 0.8825867956506495 12.435216312035958 -0.011158733804705176 0.9982329889086607 0.05836422289687242 -0.4892086621699599 -0.8837337639237308 -0.037154657183391386 0.4665127714766004 16.635506524983562
24 0.4320381102412292 -0.04498089247722365 0.900732918578611 13.381894166202066 -0.012871457790931866 0.998346152313297 0.05602932924433361 -0.42499297162721156 -0.901763492621068 -0.03580055057120693 0.4307446157001265 16.951223788958085
25 0.3981914731449398 -0.04381399518680223 0.9162553598972484 14.307066880871295 -0.01231278826814858 0.9985133717506222 0.0530984150447568 -0.3552590876616265 -0.917219682369796 -0.03242499365780021 0.3970600383565946 17.32430908681762
26 0.36804143210536333 -0.04348059342742517 0.9287921954070432 15.251619068488592 -0.009045314284579537 0.998691321048796 0.05033713888672703 -0.3359211481313243 -0.9297653931620727 -0.02692736929973435 0.36716648874968194 17.6521005209048
27 0.3454394010551778 -0.04077750680620981 0.9375546998107962 16.22957972405037 -0.007034162854804462 0.9989149231612917 0.0460379934250075 -0.24681054153036358 -0.938414695398482 -0.022498248620448788 0.34477773749066903 17.84091858122846
28 0.3256667392480225 -0.04181595703586056 0.9445594744031411 17.18639879252315 -0.005199580650921046 0.9989271911402013 0.046015553477064985 -0.24474466447858784 -0.9454703269302468 -0.01989704772484058 0.3250999359985255 18.131595361967296
29 0.31103825868077617 -0.041697830755475195 0.9494822233971107 18.125736731109857 -0.006217377019125658 0.998926416570251 0.04590597456887051 -0.18758469708242886 -0.9503770544718545 -0.020181802651244377 0.3104450823819657 18.46979201887169
30 0.29746274380340293 -0.0418832205670358 0.9538142963302063 19.06619099817956 -0.005706265626191648 0.9989414531214007 0.045644405662752685 -0.1105039573385451 -0.9547163737967373 -0.019020227183171114 0.29690886912031866 18.800857468491312
31 0.2858428529597817 -0.04363894781905307 0.95728235419079 20.020012300772752 -0.007575921813750015 0.9988284336651491 0.04779503646504694 -0.07148195786739385 -0.9582465594219254 -0.020914165152731565 0.2851773641999037 19.098686618541613
32 0.2770846611408354 -0.04526078465482661 0.9597789078391441 20.991599604513638 -0.005163051058320996 0.9988053797842998 0.0485917299312183 -0.01384938451703776 -0.9608316362868701 -0.0184194098318943 0.27651996682290125 19.32824403675118
33 0.26874432401378695 -0.04723141899399146 0.9620528474934157 21.968654845069786 -0.005346028342437247 0.9987085189292282 0.05052439212051368 -0.0024504815595388276 -0.9631967130976417 -0.01872130470078092 0.26814474566584034 19.540924878325058
34 0.25748731734144586 -0.050470967439538154 0.9649626743320309 22.933083124685197 -0.004435392098913674 0.9985627155744509 0.05341189344617016 -0.008239502355749741 -0.9662714983593573 -0.01803287228479237 0.2568933766672881 19.805206134421525
35 0.24696498522807617 -0.05235505957768725 0.9676090345836564 23.90543233153621 -0.006055461432208323 0.9984365081876382 0.05556861078807949 0.0012936206268453175 -0.9690054836290928 -0.01958281963926454 0.24626182382115663 20.038543137677898
36 0.23989023620234887 -0.054789572342771035 0.9692526901367259 24.89444180181331 -0.006384168458276756 0.9982955085919171 0.05801137749010773 0.010198712920438325 -0.9707790257405868 -0.02010423480839092 0.23913155986804485 20.186126951812444
37 0.22964567439300643 -0.057847416535781356 0.971553673572757 25.868715391411104 -0.005844088643265957 0.9981321721131724 0.06081129517258527 0.057525233387009767 -0.9732567547755078 -0.01964289598922417 0.22887867074282522 20.406470267366196
38 0.2234433570968464 -0.06273218140139983 0.9726961188294703 26.860841205011717 -0.005936809041077284 0.9978206851269762 0.06571631936694773 0.07102069307345071 -0.9746988357063842 -0.02045858543832819 0.22258397506217925 20.530986263038614
39 0.2092907724456432 -0.06697984537327327 0.9755568014641078 27.82543736006511 -0.008107124881900423 0.997498193213814 0.07022555846216395 0.12102507870071662 -0.9778198438193653 -0.022606521506949504 0.20822415378247194 20.78993380333704
40 0.19998019856281932 -0.06982885496074762 0.9773084728977071 28.815155706436453 -0.005307902792130265 0.9973653227682696 0.0723480414889846 0.18783672376245614 -0.9797855613472174 -0.019655633387850372 0.1990826708973918 20.916400375750886
41 0.18576173526611933 -0.06848927253919607 0.9802049771644571 29.78878608663367 -0.006418667661308063 0.9974619604391938 0.07091148131474173 0.2757302032141039 -0.9825738538658795 -0.019464249120356398 0.18485065513904028 21.12692025168842
42 0.17097370294459976 -0.06658654860261405 0.9830230030099019 30.768413041861645 -0.008130327731126256 0.997584430522128 0.06898696797819058 0.3482590000938883 -0.985242046691514 -0.019787255863782188 0.17001933400791794 21.314191727360924
43 0.15254792013762045 -0.06611570337342486 0.9860820685060273 31.754083038721873 -0.007507465651186407 0.9976534628237724 0.06805296521996529 0.40309273942622087 -0.9882675598889721 -0.017784314873777796 0.1516935997844525 21.473715754282075
44 0.13219457255141578 -0.06462162986437447 0.9891150792206245 32.744942551588665 -0.010017967301425491 0.9977345554539477 0.06652365883096881 0.444928039983651 -0.9911731610792528 -0.01870298847584269 0.1312477160876809 21.601962499420367
45 0.1086693597583585 -0.06343857487361497 0.9920516707650439 33.74122052215185 -0.012988040766424293 0.9977858602556964 0.06522796847095486 0.4971587832110704 -0.9939930990663033 -0.019973088425080294 0.10760480819800068 21.670534767265416
46 0.07448855475384655 -0.06443503065227614 0.9951379713564973 34.726375013148754 -0.016947855437331582 0.9976843744529934 0.06586849905996586 0.5075164002116005 -0.9970778431898556 -0.021771903088650818 0.07322403195510631 21.841892122557226
47 0.0415018960738063 -0.062225957074958795 0.9971988381904511 35.723110727617886 -0.020455368160489356 0.9977966363580051 0.06311458140611226 0.5866484121865883 -0.9989290117603475 -0.02301744347294371 0.04013759782875886 21.857893653067798
48 0.00877591502987031 -0.06408628637951856 0.9979057727127707 36.722796862410206 -0.020732372621637286 0.9977180281270361 0.06425655667537808 0.5959293250098807 -0.9997465439122101 -0.02125286371363712 0.007427228255452784 21.834623648053412
49 -0.02460000125545503 -0.06311448197534004 0.9977030630920289 37.72125797668865 -0.021954729717538212 0.9977984941490089 0.06257918916859889 0.6282531741988144 -0.9994562670919215 -0.020364852267021654 -0.025931505217054666 21.78956165938117
50 -0.05776777072202932 -0.06011118468210725 0.9965187053647924 38.7164538535381 -0.024250371140929778 0.9979755856413931 0.05879328161656092 0.6983571657198888 -0.9980354724353242 -0.020769590950991193 -0.059108542974145056 21.7212198166898
51 -0.09025969618910813 -0.05794056195791713 0.9942314008941034 39.71160101201913 -0.028394574083442786 0.9980501075805888 0.055585348078366445 0.7316782666217996 -0.9955134029776496 -0.023213659847297816 -0.09172889669211451 21.62863573729705
52 -0.12232027532130932 -0.05442196198729718 0.9909974774431938 40.703303880080874 -0.029261347420733587 0.9982591918674428 0.05120897772150454 0.7433014244286265 -0.9920592340766357 -0.022734024534014324 -0.12369979875393583 21.500611056920626
53 -0.15328122953618614 -0.04816797816709616 0.987007958707107 41.682817003864926 -0.02469654583024284 0.9986860577225647 0.04490254708382892 0.7704228929927232 -0.9878739521994314 -0.017492968965568245 -0.1542694091602227 21.30106535835143
54 -0.18283376131804593 -0.042643103471624054 0.982218601660855 42.65916793683406 -0.019509577773839482 0.9990195366405571 0.03974093337569411 0.7676980783626907 -0.982950249121196 -0.011896685175384667 -0.18348644809472 21.084890843164878
55 -0.2103392486839233 -0.03701628409359614 0.9769274257461432 43.625847755850025 -0.012482937837752185 0.9993031540545327 0.03517644893391553 0.7848974491624293 -0.9775487593382425 -0.004795935788073662 -0.21065474624650432 20.829480761001737
56 -0.23512523295559334 -0.030451461016429655 0.9714879481236729 44.57478198238847 0.0006911587929978839 0.9995036107435549 0.031496895245691776 0.7880235259429395 -0.9719648385008396 0.008077167971421745 -0.23498747216734409 20.5140222676528
57 -0.26110779600683437 -0.018512862322649582 0.965132111574927 45.540199285032976 0.007132378971076591 0.9997517910387264 0.02110652707271 0.8275746612758884 -0.9652832994497647 0.012394767448232095 -0.2609109456180026 20.256330311675733
58 -0.28625231132945106 -0.002975830829740433 0.958149653597715 46.498752909295 0.011138406485846561 0.9999172714240503 0.0064332113938580515 0.817777421684812 -0.9580895314797815 0.012513782658232948 -0.2861954837387132 19.971586629808325
59 -0.30914117297235316 0.015088060609272544 0.950896464185418 47.42153341494543 0.012967972497347598 0.9998480566496315 -0.011648832699600887 0.8164197585166308 -0.9509277401807501 0.008730066108403076 -0.309289862265926 19.586262995268697
60 -0.33713043859355823 0.028681848204392 0.9410209450151984 48.38836997449951 0.008884303011001552 0.9995882399216707 -0.027284057071933793 0.7844536945436865 -0.9414160274491143 -0.0008379701900736992 -0.3372464396667379 19.332875487146065
61 -0.3602256530094711 0.03835306860998685 0.932076456650472 49.27951181492543 0.012506091307267413 0.9992632500745985 -0.03628435931036883 0.679927376461761 -0.9327813660265676 -0.0014139230293323392 -0.36043990347252 18.89135484915343
62 -0.3858527821575183 0.04280805657111329 0.9215666556434804 50.20789090367995 0.012486853313516708 0.9990737050235367 -0.04118021885405118 0.6636558750653391 -0.9224758583408501 -0.004382033640609471 -0.386029906301944 18.520076636181415
63 -0.408415066296182 0.04163522547534009 0.9118462817941988 51.09825508262412 0.012958020731799337 0.999122986387874 -0.03981642588290097 0.6157848734509748 -0.9127043461921648 -0.004445904466869926 -0.40859639055602026 18.0673515714736
64 -0.4290147881719954 0.03718399521649314 0.9025318066580701 51.991381549129 0.017020392925799453 0.9993077519011324 -0.03308055644867696 0.5463050250390425 -0.9031370981176283 0.0011693987845938234 -0.4293506894255039 17.622944487452703
65 -0.44705308892008433 0.0356981483803196 0.8937948186744151 52.88899332948205 0.024859850238166694 0.9993132297054869 -0.027478296557875176 0.459509586356691 -0.8941619113860233 0.009935348705616359 -0.4476335164759164 17.190787557124718
66 -0.461639831640473 0.03550427318563619 0.8863566508062756 53.75655948606949 0.026036481488245167 0.9993105287735886 -0.026468258612177855 0.4030253094607115 -0.8866852698225576 0.010858806805271466 -0.4622459503278173 16.69668381714481
67 -0.47281295118773864 0.04113552094126033 0.8802021257109269 54.63774261904433 0.02924502676099425 0.9990919985411334 -0.030982363706320376 0.41391726974889104 -0.8806773767080947 0.011092672628620489 -0.4735866454710326 16.224034225325205
68 -0.4811555500432835 0.043293194144896636 0.8755655520880661 55.47071790391304 0.026351355433682423 0.999042725371209 -0.034917602289857776 0.4197851432926797 -0.8762390900794835 0.006271541659169946 -0.48183578611587025 15.670755142850966
69 -0.48986101094316103 0.044626218016250746 0.8706576196320303 56.30156992668103 0.019931005070655795 0.9990012499163483 -0.0399907202041284 0.4108681669836812 -0.8715726850128553 -0.002236812468845002 -0.49026120732673145 15.114333138024175
70 -0.4993778398944915 0.04339111969153488 0.8652970494311356 57.12310764261059 0.018942829095324933 0.9990531403682311 -0.039166209240093675 0.38246239702603324 -0.8661772004152978 -0.003167562116491501 -0.4997269494743685 14.544887009275765
71 -0.5073926847034675 0.044630893054748065 0.860558392495562 57.98293616152915 0.02200567252738635 0.9990032499647941 -0.038836283761381804 0.2938998046727557 -0.8614339290720503 -0.000768079378635402 -0.5078690735785757 14.042043514355829
72 -0.5160797904639804 0.047684727158974385 0.8552121471719346 58.83995350736422 0.02544410203308327 0.9988619927175821 -0.040340019533821464 0.24356595037643075 -0.8561625125033173 0.000941437032194415 -0.5167057827045526 13.529220172088545
73 -0.5197514442190089 0.048773514443379504 0.8529241352670811 59.6930306362933 0.02563995930722971 0.9988098177621578 -0.04149145006680885 0.17361784524773588 -0.8539326841091006 0.000303699753718226 -0.5203833959463822 13.012145058416422
74 -0.5183729769199351 0.05253817195438635 0.8535392183648376 60.51907664122321 0.02554037417804548 0.9986168671824851 -0.045956956660358664 0.15578513509392616 -0.8547731549109351 -0.002023132692109345 -0.5189978425559385 12.44882454599109
75 -0.5141905560913769 0.05250771813416266 0.8560671770152073 61.3379340325614 0.027154014071497583 0.9986205088646637 -0.04494150414353125 0.10335301953406613 -0.8572460159213121 0.00013716389309350493 -0.5149070298346158 11.877227260801202
76 -0.5059279764542689 0.05266996277329013 0.8609661768399216 62.17579417920825 0.025249038743455722 0.9986105906525925 -0.04625337046108394 0.07923921990679708 -0.8622061058408387 -0.0016623050362611698 -0.5065549010647756 11.331875160184508
77 -0.4994040872770343 0.051310078348870254 0.8648484453768923 63.039529950812316 0.020294891232392236 0.9986636202173761 -0.04752989631998869 0.049507037642076285 -0.8661314422593502 -0.006184618629585724 -0.49977802594966725 10.82880806776319
78 -0.4901791549619643 0.05169172763814912 0.8700875595792417 63.88495215756374 0.02056598211993038 0.9986478965101411 -0.04774326314059487 -0.0003930228312302303 -0.8713790430607347 -0.005508546459142375 -0.4905794728996185 10.297045646970833
79 -0.48370825579522325 0.05004305527299512 0.8737974684642256 64.74583231941905 0.017122513173577804 0.9987140500246214 -0.047718610898025655 -0.07455515387591473 -0.8750617938665988 -0.008120276652991592 -0.4839430937848485 9.793671698119752
80 -0.47807383530231884 0.04778435799696679 0.8770188499286383 65.60982348543041 0.010270430392698841 0.9987548559130576 -0.04881860351992057 -0.10394391471021978 -0.8782596008766916 -0.014331535239690283 -0.47796933015162096 9.291023134659481
81 -0.477086285357579 0.044404583047526 0.8777339627290746 66.50493520861386 0.006011148926172807 0.9988642861801249 -0.047265250263338554 -0.1741459470473822 -0.8788359020263792 -0.017273412380278064 -0.47681137416616115 8.850742928054824
82 -0.47746154633300053 0.04207844828367667 0.8776445043201376 67.3777609815186 -0.0006948734398100883 0.998834232778698 -0.0482668890678965 -0.20999287942481082 -0.8786523710837769 -0.02365543462067278 -0.4768756978519291 8.364029294584356
83 -0.47682110808522127 0.04093827259052786 0.878046518540839 68.25834686758799 -0.003645487808100693 0.9988141664548581 -0.04854864887644814 -0.263031109537032 -0.8789927995117216 -0.026349927705981376 -0.4761064373818489 7.8931201552766055
84 -0.47673327278969674 0.04061351625595242 0.8781092921228854 69.11826567833963 -0.00352463983965588 0.998835785894994 -0.04811080678528172 -0.30418768363075477 -0.8790409340977616 -0.026031040644370642 -0.47603510490667206 7.384351267686304
85 -0.47645065193791175 0.03992261677015719 0.8782943475499341 69.98476680601188 -0.003416860938564847 0.9988769096343676 -0.04725721596351265 -0.35535781524491283 -0.879194575517416 -0.025516740277980916 -0.4757791445054494 6.887805816179778
86 -0.4771740585578742 0.03914918736995104 0.8779363638485885 70.8795936578584 -0.0034087513694456935 0.9989172762659839 -0.046396719619491704 -0.38654860215505643 -0.8788021953453381 -0.025131977062083297 -0.47652396076710113 6.442483392987768
87 -0.47708849828111094 0.039238567545502166 0.8779788719695104 71.7759310656721 -0.0030251629837580933 0.9989235704289041 -0.04628767471468799 -0.4595729026431128 -0.8788500517645481 -0.024739345677447896 -0.47645624278510934 6.0051658014215725
88 -0.47763498304100555 0.03798389396871179 0.8777368892637443 72.6519644901663 -0.005705399857550108 0.9989097882198066 -0.04633231497699981 -0.5061938162817725 -0.878539852073472 -0.027137773676587037 -0.47689754618639 5.525174211286255
89 -0.4780624780001651 0.03845770656746911 0.8774834881260813 73.55448694415047 -0.00663222978694296 0.9988544268237417 -0.04739037394523542 -0.5581362615135417 -0.8783007918424909 -0.028475231004317095 -0.47725976183636504 5.097675431681687
90 -0.4783659367000559 0.0374716900637215 0.8773607599208256 74.4419017760706 -0.008177864023027335 0.998855781642527 -0.04711952906512952 -0.6169616374017511 -0.8781225161911868 -0.029715313927417275 -0.4775121429620954 4.640472549909323
91 -0.4776788297598922 0.03593824690034756 0.8777991672409764 75.34422935451218 -0.004628674385453736 0.9990461377333036 -0.0434210784481925 -0.7471135473722178 -0.8785223453417076 -0.024804375736951784 -0.47705684323736985 4.229540167830793
92 -0.47578707668991144 0.033577549892776094 0.8789193397565378 76.21787677180602 -0.0035263267855468222 0.9991902034300634 -0.0400811974470835 -0.8098697295149998 -0.8795534224617126 -0.02216947185032583 -0.4752833802625172 3.7470447264379354
93 -0.4739859498117529 0.03197174876360457 0.8799517751911462 77.14150605552663 -0.0030829586964899007 0.9992742078091758 -0.03796778862432681 -0.9102594349627785 -0.8805270098272061 -0.020709052608286573 -0.47354336665697816 3.3771381542686463
94 -0.4701538134209815 0.033297356152966695 0.8819561654634166 77.9965897923876 -0.002795576956461257 0.9992268830277963 -0.039215060678737916 -0.9516695998528913 -0.8825800681874149 -0.020902685931120026 -0.46969724393396417 2.8603045629680612
95 -0.4686901162866218 0.03232139091191229 0.8827711496105629 78.88246314179231 -0.0059385031057372206 0.9991925295239623 -0.03973692394198136 -1.014368216325577 -0.8833426907865379 -0.023866641993912356 -0.4681197219023487 2.4006337131457833
96 -0.4660499941353744 0.034480231540808134 0.8840862608361881 79.74157332390428 -0.005559837078159876 0.9991064645476544 -0.04189702508237724 -1.0408565212574687 -0.8847409177077584 -0.02444148314360058 -0.4654418572017065 1.8895289455417175
97 -0.47062777742411915 0.03231375372245806 0.8817399369639557 80.67862646517342 -0.012119624556647232 0.9989981193689814 -0.04307983516504579 -1.1578943844905774 -0.8822486101525249 -0.030960923345324305 -0.4697646337364509 1.5605403079100402
98 -0.4723490631555336 0.03489167406387885 0.8807206898995348 81.53762621098193 -0.010299094514472291 0.99892945872451 -0.045098394035073916 -1.2293500781881803 -0.8813514006826668 -0.03037280907477957 -0.47148404106990455 1.053575317868416
99 -0.4793887815881259 0.03376881542974079 0.8769527143420714 82.47262766578359 -0.013811691227022076 0.9988453660194534 -0.04601273700746474 -1.3187722062864722 -0.8774939507354552 -0.03417018931954527 -0.47836885829299935 0.7103903108215295
100 -0.4859050147706848 0.032250205870692036 0.8734164189216971 83.3568219994907 -0.012914029566194848 0.9989449894940166 -0.04406966990082178 -1.3633017937619496 -0.8739162115254464 -0.03269299833890987 -0.4849758994966887 0.2453983703596176
101 -0.49100276930701237 0.02965631558600772 0.8706530787166097 84.22899305325933 -0.013832085250912396 0.9990290055776377 -0.04182964776533682 -1.4233684517104275 -0.8710481928455913 -0.03258141977877538 -0.49011579940421024 -0.24010100567039638
102 -0.49590230277561914 0.026219207994260706 0.8679824072145675 85.10535122105692 -0.016336262111129957 0.9990855141903736 -0.03951280647078242 -1.4996984646647569 -0.8682246442921608 -0.0337740791093072 -0.49502048303486224 -0.7156743930898095
103 -0.49974287432625947 0.029923111529450694 0.865656783579109 85.9644158839224 -0.01321439884567452 0.9990234022176754 -0.04216184868541928 -1.5554029265401002 -0.8660729989643002 -0.03250921672863199 -0.4988594103479194 -1.2245014025045386
104 -0.5076806770316655 0.03075692456414602 0.8609961334175834 86.87102376392183 -0.01647208247575998 0.9988333712600708 -0.04539346821027441 -1.5864069339554354 -0.8613878342456336 -0.03722778527261709 -0.506581771303817 -1.6453349680184348
105 -0.51405889777725 0.03155942817278047 0.8571741083989003 87.76501778417408 -0.018069569848159665 0.9987027005190593 -0.04760679175753179 -1.6715279357219226 -0.857564540186134 -0.03996146159899998 -0.5128217438859392 -2.0852543910274655
106 -0.5195296132612985 0.031138986708564353 0.8538848543283415 88.65746189749926 -0.017895883396664425 0.9987199714603525 -0.04730915306460468 -1.7701548463173404 -0.8542650166235694 -0.03985952906040676 -0.5183073405964993 -2.5255000400135055
107 -0.5236813052551638 0.030264726012495722 0.8513764953800639 89.52253104796907 -0.017463195827094543 0.998777418447394 -0.04624613703941635 -1.823886920269169 -0.8517352450400999 -0.0390859911472703 -0.5225125430575963 -3.024266755373678
108 -0.52722407105019 0.02228018351631227 0.8494341483174237 90.40334455938795 -0.014985239150722054 0.9992569317355712 -0.035510941778731826 -1.9435071000908994 -0.8495941512491719 -0.03145119642716811 -0.5264984334321408 -3.482369992345393
109 -0.5290818471696206 0.013090377428624355 0.8484698232785662 91.25479796755869 -0.01489271391861929 0.9995837626028218 -0.02470847249282878 -2.0116794684856636 -0.8484401018293415 -0.025708821897247075 -0.5286666720008663 -4.002350404682588
110 -0.5308758536532483 0.010602561262111336 0.8473832743821541 92.10923521599713 -0.015014590259590612 0.9996471032985667 -0.021914172266516877 -2.0643783565455123 -0.8473165821654228 -0.02435681685090518 -0.530529315929287 -4.519225468362861
111 -0.5314507173528983 0.015218571222851076 0.8469524957841661 92.95298950881488 -0.013158210232600531 0.9995696599590107 -0.026217482581441257 -2.1249803539816137 -0.8469870110289207 -0.02507767820426471 -0.5310217633997478 -5.0525228709502565
112 -0.5319741086307863 0.023042694481419136 0.8464470343604018 93.79359156236524 -0.007803401746355507 0.999453806088206 -0.03211224714949008 -2.1782615854398304 -0.8467246630306753 -0.023688049599639157 -0.5315037359433643 -5.591549125798051
113 -0.5332307180287572 0.027588751347550084 0.8455198768507004 94.65509327825443 -0.0018285259062290665 0.9994281661645945 -0.03376384412196876 -2.221461332353085 -0.8459678824597179 -0.01954997312212206 -0.5328753516513437 -6.097462727196164
114 -0.5318792174867544 0.02808899932472332 0.846354243873461 95.47293792805722 -0.0014356641861819565 0.9994183786739109 -0.03407114963077647 -2.2397901990470297 -0.8468190108771193 -0.01933681615958071 -0.531529538556331 -6.672609812161723
115 -0.5323312518084173 0.025124062158375947 0.8461632347536436 96.33898372958326 0.00033338078543060265 0.9995656357768175 -0.02946911317543082 -2.3056121858880476 -0.8465360757299093 -0.015405234621799258 -0.5321084017698379 -7.168222704451274
116 -0.5280298064225495 0.021434496629279515 0.84895529086261 97.15714368883292 0.001951535361917246 0.9997094065755887 -0.024026941420490163 -2.3497027367784926 -0.8492235956109794 -0.011030174236780621 -0.5279181943387298 -7.741520447322323
117 -0.5242544493017842 0.015657233501204758 0.851417713831687 97.9802341098069 -0.0022917027109711032 0.9998013927295966 -0.019797050150262983 -2.366324830528899 -0.8515585833007675 -0.01232988718958534 -0.5241144465559799 -8.309187457431186
118 -0.5188478713785712 0.01036593279513591 0.854803739932867 98.79846945703335 -0.007256789621662727 0.9998370452964302 -0.0165294239857083 -2.4426905317267074 -0.8548357887230487 -0.01477938664268304 -0.5186880990043132 -8.878976201082173
119 -0.5169839278737496 0.004682371951655435 0.8559822975465908 99.67160462586149 -0.014943307659454909 0.9997832838965327 -0.014494233241820257 -2.482907328860526 -0.8558646599765177 -0.02028449174221708 -0.5168019187251908 -9.36479261417055
120 -0.5129648710923604 0.005268356958720196 0.8583934327801895 100.51120359292948 -0.009617970646662925 0.999883121958997 -0.011884320013285661 -2.5354641924416974 -0.8583557164591292 -0.014352240809189497 -0.5128542455763517 -9.905450864939594
121 -0.5074940209509909 0.009668469670196458 0.8616010326091975 101.35463741837434 -0.0011324926812171325 0.9999286966694887 -0.011887768385823491 -2.6004381308846196 -0.8616545342879042 -0.0070087275260691485 -0.5074468851806644 -10.438740433710976
122 -0.5009997012375186 0.013704312936718864 0.8653389458280806 102.20244240379016 -0.002195115484998643 0.9998512811698992 -0.017105467281818824 -2.5813310711053954 -0.8654446724813372 -0.010469352200412734 -0.5008951103156961 -10.968704226415618
123 -0.4897636954189525 0.01723332836740547 0.8716848828808246 103.04417277657994 0.002944019199263688 0.9998316175383226 -0.018112683999526136 -2.589964224736126 -0.8718502484302862 -0.006304677300399088 -0.48973196276757786 -11.508533342688239
124 -0.47876131593616056 0.021967463407925304 0.8776702301630731 103.89320370279725 0.009914157838687907 0.9997584483157648 -0.019615159841688056 -2.608070681222133 -0.8778891229029887 -0.0006896178261333357 -0.47886345894824073 -12.036566155226032
125 -0.46858189873831374 0.020549719080261573 0.8831810195087547 104.77698516360576 0.005037588420386839 0.999775314813051 -0.020589866278902073 -2.630342852475097 -0.8834056979403636 -0.0051989354394079 -0.4685801360672409 -12.503935719455317
126 -0.45807237917518207 0.019183435246823123 0.8887078773415501 105.66500627217839 0.00010063235087601154 0.9997682215749284 -0.021528887617501866 -2.637154267809946 -0.8889148922070271 -0.009772355290131018 -0.45796813806710474 -12.963687973569854
127 -0.44621227625925347 0.016501967581921975 0.8947749938288762 106.56362710520564 0.00038278586083823117 0.9998334066757295 -0.018248626529199476 -2.6547492327948565 -0.8949270686834246 -0.007800253247924164 -0.44614425670063196 -13.40206114285074
128 -0.4366399391969994 0.01599455459650843 0.8994941565798549 107.48465750976898 0.0007914556709966972 0.999848385241068 -0.01739483051835479 -2.6991244792682263 -0.8996360027048571 -0.006883367270780255 -0.43658639682454575 -13.789015677462148
129 -0.4198299046188513 0.017124511264854654 0.9074412390351623 108.36256141369964 0.004337840537027479 0.9998484261065264 -0.016861433859248116 -2.7227749940024326 -0.9075924385875597 -0.0031425980589801093 -0.4198405524673912 -14.267268158382604
130 -0.40756347606694726 0.016610864324559046 0.913025789429095 109.27675600881692 -0.004184071482512459 0.9997900810543348 -0.02005710276207951 -2.707095331025077 -0.9131672939726589 -0.01199470697188274 -0.40740841943105083 -14.672240253727455
131 -0.3929709853514778 0.020853630736570556 0.91931438080615 110.18315381498026 -0.002874313235345072 0.9997100793166214 -0.023905974905751935 -2.760775721714433 -0.9195463790617209 -0.012036751287296114 -0.39279711477163554 -15.091240768851172
132 -0.37999654702028623 0.031854658774219016 0.9244392381152161 111.1058238538148 0.0023077983719651534 0.9994363780313021 -0.033490302094202166 -2.796259247468811 -0.9249850261252406 -0.0105927790628057 -0.3798558864567067 -15.475195083317969
133 -0.36644197571351106 0.037184452059426595 0.9296975825289762 112.03799217181161 0.0003523964880819464 0.999206581703884 -0.039825656257851415 -2.8171766634402333 -0.9304408387876671 -0.014266169275545257 -0.36616433732724507 -15.836615481212322
134 -0.3554761174488593 0.03438530215335568 0.9340526649602316 112.9864825067095 0.00036793298860255736 0.9993281589757708 -0.036648264671432104 -2.8794956546398467 -0.9346852918361628 -0.012683913324368837 -0.3552499452046731 -16.147231628674092
135 -0.34114226357959687 0.03145871010372359 0.9394851279069842 113.91280707964599 0.005088427227960096 0.9994870042964238 -0.03162018581414447 -2.9595720761334943 -0.9399979064444157 -0.006006479335484814 -0.3411273341233506 -16.515349173898937
136 -0.32935837495961906 0.032935310018532706 0.9436303970294438 114.84971321235939 0.0076026045376146505 0.9994515613845867 -0.03223006128091 -3.032300920239572 -0.9441743808480978 -0.00344119114670896 -0.3294281359471275 -16.85728102714502
137 -0.321556338311604 0.038955750962061206 0.9460887753052664 115.799705926388 0.011045633400699402 0.9992396987470898 -0.03739008465645455 -3.1172312026415114 -0.9468260217521117 -0.0015728682095167304 -0.3217421492727703 -17.157781762277178
138 -0.317070739342322 0.04490534049038164 0.9473381954974472 116.75401740125088 0.00696816794751419 0.9989617759901339 -0.045020159330099 -3.160909833728378 -0.9483762919241905 -0.007673362827717535 -0.3170544565512885 -17.453385883733056
139 -0.3143425506830058 0.04633919171452242 0.948177958055 117.70861795232092 0.002064206582884324 0.9988389107342133 -0.04813075372865794 -3.2155727348488297 -0.94930737913593 -0.013172307983132937 -0.3140732242972407 -17.74621642243357
140 -0.3111070105132179 0.04591018977491583 0.9492653382929149 118.65908529511738 -0.0001507113170149998 0.9988301176668456 -0.04835672991165217 -3.274759419706955 -0.9503748762974711 -0.015187181983026876 -0.31073613244355325 -18.051353698252306
141 -0.3065682226927644 0.04599145662905364 0.9507369303609385 119.61378736659003 0.0020686397353600725 0.9988618352859999 -0.04765243686049167 -3.3508308213750846 -0.9518464402206775 -0.012641989955917966 -0.3063144370237489 -18.33902900223311
142 -0.30183739252552466 0.04099269406400894 0.9524777097164897 120.57674961609524 0.002312313087257314 0.9991036915152582 -0.042266615771596225 -3.4410573983847965 -0.9533566184144375 -0.010555217696047182 -0.3016616407579443 -18.593121273677344
143 -0.2961236409772469 0.03635097554157498 0.9544576448599262 121.53375658474465 -0.0005475079561233858 0.9992689119871213 -0.038227500194559276 -3.4902065272629685 -0.9551494593428953 -0.011842638973047404 -0.2958872457865104 -18.878991968171828
144 -0.2870667109781154 0.03560974499191081 0.9572484784578251 122.48174357379041 -0.004100561518006124 0.9992539553117846 -0.03840205969741637 -3.526769930534262 -0.9579018159689405 -0.014949208521952476 -0.28670652613425357 -19.195194083526722
145 -0.28205382082041247 0.03400387485170435 0.9587957961191107 123.45431238652407 -0.01599841292203188 0.9990660436355557 -0.040138401044221804 -3.574150824370499 -0.9592651839565282 -0.02666039970694443 -0.28124638653023115 -19.422932852779233
146 -0.27517217933302573 0.03556951360453606 0.9607367388744185 124.42190431616437 -0.02122813436644949 0.9988469111450634 -0.04306058995530019 -3.623430600380555 -0.9611605683974589 -0.03224372424117687 -0.2740998066488386 -19.670596672297865
147 -0.2702075928697165 0.039475777647127376 0.9619924738451496 125.39530146580003 -0.019791233959585774 0.9987202583518523 -0.046541944694858124 -3.69092332277764 -0.9625986515774183 -0.03161500423566218 -0.2690805223135136 -19.8895549581805
148 -0.2638001519283892 0.04262863444694105 0.9636349305456658 126.36333422578895 -0.01946972313313523 0.998584108261207 -0.049504632200447145 -3.758831192620443 -0.9643808427815976 -0.031821034068760023 -0.26259667146909593 -20.131011147652078
149 -0.2565701103325897 0.04201945624439968 0.9656117976603484 127.32957701217826 -0.022173700262596668 0.9985356820239778 -0.0493438825143109 -3.801493867626395 -0.966271238162677 -0.034071351226505835 -0.2552626829859106 -20.385087476230165
150 -0.25027097289575706 0.03721709978497057 0.9674602460098342 128.30350061253435 -0.023941956040851618 0.9987174072090702 -0.04461303933316348 -3.8610964413884314 -0.967879756511739 -0.034328238714717504 -0.24905892668507293 -20.603994606532
151 -0.24446648052254583 0.03413646972467447 0.9690566760183111 129.28440110201103 -0.025573492115475552 0.9988055103854132 -0.04163590907817932 -3.9211015729469842 -0.9693204509341264 -0.03496074669602105 -0.24330147881037822 -20.789017866098018
152 -0.23745045035092974 0.03891541011737224 0.9706198403512774 130.25900002518222 -0.02612914638437554 0.9985798179287986 -0.04642860039377117 -3.961756335975546 -0.9710481715811196 -0.03638595924003212 -0.2360964007331449 -21.009254359605496
153 -0.22932952709919202 0.0419290330700453 0.9724453322353263 131.22117129362343 -0.02186814836387106 0.9985976254344227 -0.04821375907230335 -4.03257174872233 -0.9731031560273156 -0.032322416643011616 -0.22809101059013956 -21.27233537738244
154 -0.22360021956124743 0.0447441746184232 0.973653378081687 132.2061870756496 -0.023171628763648162 0.9984193804001402 -0.05120367625330876 -4.0494901518929 -0.9744054687929369 -0.034010287147341015 -0.2222099969726172 -21.443967765225224
155 -0.21692055814596894 0.045059438373593295 0.9751487673514746 133.1937226097601 -0.02186098898044743 0.9984593864179729 -0.05099951798454432 -4.08715922077399 -0.9759444496432245 -0.0323805596369908 -0.21560132320599804 -21.596789885355467
156 -0.2082015002021141 0.0447528908980005 0.977061571278834 134.16497967757994 -0.017252707879528126 0.9986292058830607 -0.04941713496556988 -4.154006070715964 -0.9779337807579082 -0.027145678778332624 -0.20714398995917196 -21.82524382212718
157 -0.20150828458229492 0.04679402475466178 0.9783684022350496 135.14630321939808 -0.01674005238802628 0.9985477515144389 -0.05120701701445695 -4.193667856757112 -0.9793437507069875 -0.02669657573795021 -0.20043230975827278 -22.013475302709075
158 -0.19477463393036562 0.04602439197297397 0.9797676241440176 136.12393620109708 -0.01394977814820566 0.9986674955447264 -0.049685380466031305 -4.282992968209508 -0.9807488189219418 -0.023344992058329257 -0.19387306550681904 -22.20388216689924
159 -0.18911308313055852 0.046432320112642554 0.9808569118061075 137.1121377762304 -0.018032103075560055 0.9985487656176478 -0.050746486993282235 -4.337617468628654 -0.9817897357375032 -0.027283736822116527 -0.18800136304161189 -22.346968899768264
160 -0.1822988661758678 0.04648880653437358 0.9821435303752732 138.09211731122565 -0.019555321175737148 0.9985126220997601 -0.05089334849654659 -4.390268114842486 -0.9830486829015463 -0.028483931176690007 -0.1811186150296423 -22.538979435486247
161 -0.1783472901328213 0.0463754000568025 0.9828741355696841 139.07484908529776 -0.02081388026289219 0.9984874087846176 -0.05088886800664634 -4.447007098365027 -0.9837474404742643 -0.02953331555092524 -0.17711227126572054 -22.715101363281562
162 -0.1752545126279769 0.04699987278263925 0.9834006649183988 140.06898609171168 -0.020462184702285214 0.9984702095950689 -0.051366716348282423 -4.496655571154346 -0.9843104972249536 -0.02912477415339938 -0.1740246895796039 -22.8111567407279
163 -0.1705891143753405 0.04679240191435738 0.984230575210771 141.04309513629673 -0.022815973456632957 0.998416384530699 -0.051421342416262235 -4.553036278230649 -0.9850780606422302 -0.031228099214676282 -0.1692513523159557 -23.03009230528782
