0 1.0 1.1976249852940768e-11 1.7046379585661242e-10 1.6653349339844288e-16 1.1976249852940768e-11 1.0 3.562503070320133e-10 -1.1102230246251565e-16 1.7046379585661242e-10 3.562503070320133e-10 1.0 2.220446049250313e-16
1 0.9998272282827606 0.00150997464917163 0.018526563657920665 -0.4050011381719746 -0.0014930334099206028 0.9999984546227865 -0.0009282258750932337 0.012929994627432764 -0.018527936285126587 0.000900405438417074 0.9998279376207991 0.914224755011903
2 0.9991985120796318 0.0036689149722868076 0.03986066382759749 -0.4207737830469952 -0.0036642224903255557 0.9999932685157364 -0.00019077933227059632 -0.028097145653070574 -0.03986109512126989 4.456879781190842e-05 0.9992052297247825 1.9132582877075732
3 0.9977618349869141 0.00490343144264948 0.06668790747680313 -0.1298905728083375 -0.0049813949099638995 0.9999870899203448 0.0010028446488125119 -0.028638408682227445 -0.06668212881400588 -0.0013327982057027151 0.9977733797540278 2.8700167072008953
4 0.995053658437945 0.004723259601971973 0.09922654709297811 0.14480571378609652 -0.005142177912598688 0.999978912184889 0.003966508772165376 -0.058381693317228936 -0.09920571943567572 -0.00445712890967719 0.9950569628082268 3.8310876154136118
5 0.9906548579844261 0.0018285362261897232 0.136380382779662 0.6123284752813787 -0.002926025478040203 0.999964929002733 0.007847237696111106 -0.2849808074076942 -0.13636125048956926 -0.008172955907029095 0.9906254651262821 4.68553206489333
6 0.984510043186245 -0.0004392273103411358 0.17532764170201143 0.9640280073723815 -0.0009779899208246367 0.9999675471146339 0.00799676517448326 -0.32209060980835685 -0.17532546387686163 -0.008044363581378448 0.9844776635002614 5.620909157028665
7 0.9761388477054861 -0.00011593769376114182 0.21714726928667083 1.4810123559879094 -0.0021887897485656192 0.9999438022484585 0.01037311642329152 -0.4641085484955142 -0.21713626840234415 -0.010600890917068099 0.97608373721524 6.4650407130373795
8 0.9639805532611386 0.0004798867723482155 0.26597229675858325 1.799104933594796 -0.003999625954953861 0.9999114542873841 0.012691988697900608 -0.4556148874889896 -0.2659426550087406 -0.013298619275798309 0.9638971163834134 7.413062320503538
9 0.9497207951620412 -0.0017486968586101605 0.3130932022514664 2.336702169315753 -0.004298916944437958 0.999817310306549 0.018624320779068296 -0.3184814180385708 -0.3130685713208409 -0.019033865700221374 0.9495397735785657 8.24503805460862
10 0.9359163549969383 -0.011091195225266842 0.35204766983708513 3.258280534714502 0.001460587545380766 0.9996177096103941 0.02760980473112354 -0.3905781947779708 -0.35221931081050545 -0.02532627065573789 0.9355747629702528 7.863599456461804
11 0.914551874235023 -0.014895982140570783 0.4041942343097877 3.747543605159279 0.0024890153396785815 0.9995099474131659 0.03120368287186596 -0.36357298881062644 -0.4044609670688889 -0.027531340297019487 0.9141407722113419 8.73531750759077
12 0.8900274249892408 -0.018480086398508018 0.4555322921305645 4.353407377488828 0.002245518996496675 0.9993437020450766 0.036154153665605954 -0.5494323859090828 -0.45590145879720617 -0.031155281168433937 0.8894847993765238 9.508871243592814
13 0.8614964381587893 -0.022398389893460113 0.5072693556385017 4.842883725853438 0.0015306884965945527 0.9991366196504174 0.04151713220180812 -0.6616655284757174 -0.5077613058644119 -0.03499038944282414 0.860786924223124 10.373635160239711
14 0.8306333529438157 -0.028199499247969037 0.5561052249525074 5.600448694663213 0.0032799718159987434 0.998947243910507 0.04575637298221155 -0.6651622480648973 -0.5568100883105168 -0.03618275934205074 0.829851392408321 11.026385562216262
15 0.7962468226141792 -0.03351067214900066 0.6040430715842596 6.351328712390466 0.005486026360682507 0.9988235857556722 0.0481803699959647 -0.6630737566306685 -0.6049470230182414 -0.03504966960772465 0.7954939471810941 11.686820900541903
16 0.7557004429470582 -0.037563004385852375 0.653839323711208 6.873110158255363 0.005954330595644171 0.9987066324292306 0.050493646026208865 -0.6689842520335783 -0.654890361918685 -0.03426489447943497 0.7549467073061037 12.53987961961312
17 0.7138979239264092 -0.041819630297610974 0.6989999089666143 7.473571463747877 0.007288269438863913 0.9986047842970827 0.05230072568865884 -0.7138405773075542 -0.7002118500813025 -0.032242879117437846 0.7132066753416841 13.338274338177452
18 0.672023218747655 -0.04357832221019728 0.7392467269439796 8.236086316796158 0.005179027014957628 0.998519150192576 0.05415426463235114 -0.766113259383837 -0.7405119653311496 -0.03256434376099346 0.6712537468921977 13.983129874443906
19 0.6284139241540023 -0.04413371417301341 0.7766261360543203 9.003141094885159 -0.00030797999571234396 0.9983750241302352 0.05698435172282486 -0.7391426529692807 -0.7778790682006492 -0.03604894469926684 0.6273791746953028 14.624144352860943
20 0.5862771720375572 -0.04433165485554835 0.8088966447732459 9.800585164367341 -0.002501460574332834 0.9983977500759034 0.05653030460173949 -0.6251517315706057 -0.8101066719399437 -0.035165849485693346 0.5852269159123988 15.21667201668906
21 0.5454752953027623 -0.04600544352072874 0.8368633110495565 10.660267019846481 -0.006101389366572632 0.9982479379149856 0.05885429038118734 -0.6406272707605514 -0.8381046921223912 -0.037209589637256006 0.5442388919228932 15.727267369164858
22 0.5064103483083845 -0.04705063153803731 0.8610080122728555 11.539293066699798 -0.008180170394963654 0.9982031800382525 0.059359044583162796 -0.5525933378663039 -0.8622538162574909 -0.03710322599925237 0.5051155382383729 16.19584311654668
23 0.46785694062710176 -0.04637274253449173 0.8825867956506485 12.435216312035962 -0.011158733804706632 0.9982329889086596 0.058364222896873826 -0.4892086621699458 -0.8837337639237314 -0.03715465718339097 0.4665127714766006 16.635506524983573
24 0.4320381102412293 -0.044980892477224324 0.90073291857861 13.381894166202068 -0.012871457790934177 0.9983461523132958 0.056029329244335076 -0.4249929716271963 -0.9017634926210687 -0.03580055057120568 0.4307446157001266 16.951223788958096
25 0.3981914731449399 -0.0438139951868027 0.9162553598972475 14.307066880871295 -0.012312788268150496 0.9985133717506213 0.05309841504475816 -0.3552590876616099 -0.9172196823697966 -0.03242499365779951 0.39706003835659476 17.32430908681763
26 0.36804143210536344 -0.043480593427425634 0.928792195407042 15.251619068488592 -0.009045314284581479 0.9986913210487952 0.050337138886728354 -0.3359211481313064 -0.9297653931620732 -0.02692736929973373 0.3671664887496821 17.65210052090481
27 0.34543940105517795 -0.04077750680621028 0.9375546998107951 16.22957972405037 -0.007034162854806508 0.9989149231612909 0.04603799342500882 -0.2468105415303448 -0.9384146953984823 -0.022498248620448115 0.3447777374906691 17.840918581228472
28 0.3256667392480227 -0.04181595703586105 0.94455947440314 17.18639879252315 -0.005199580650923447 0.9989271911402001 0.04601555347706627 -0.24474466447856782 -0.945470326930247 -0.01989704772483983 0.32509993599852555 18.131595361967307
29 0.3110382586807764 -0.04169783075547573 0.9494822233971095 18.125736731109853 -0.006217377019128176 0.9989264165702498 0.045905974568871744 -0.18758469708240758 -0.9503770544718547 -0.020181802651243537 0.3104450823819658 18.4697920188717
30 0.2974627438034032 -0.04188322056703632 0.9538142963302051 19.066190998179557 -0.005706265626193939 0.9989414531213995 0.045644405662753885 -0.11050395733852257 -0.9547163737967378 -0.01902022718317024 0.2969088691203187 18.800857468491323
31 0.2858428529597821 -0.043638947819053794 0.9572823541907887 20.020012300772745 -0.007575921813753065 0.9988284336651472 0.047795036465048096 -0.0714819578673701 -0.9582465594219265 -0.020914165152729928 0.2851773641999037 19.098686618541624
32 0.27708466114083585 -0.04526078465482731 0.9597789078391429 20.99159960451363 -0.005163051058324034 0.9988053797842976 0.048591729931219435 -0.013849384517013084 -0.9608316362868712 -0.018419409831892653 0.27651996682290125 19.32824403675119
33 0.2687443240137875 -0.04723141899399215 0.9620528474934144 21.968654845069775 -0.005346028342440138 0.9987085189292256 0.05052439212051486 -0.002450481559513053 -0.9631967130976432 -0.018721304700779318 0.2681447456658405 19.540924878325068
34 0.2574873173414465 -0.05047096743953879 0.9649626743320295 22.933083124685187 -0.004435392098916718 0.9985627155744484 0.05341189344617129 -0.008239502355722657 -0.9662714983593591 -0.018032872284790957 0.25689337666728823 19.805206134421535
35 0.2469649852280768 -0.05235505957768787 0.9676090345836548 23.905432331536197 -0.006055461432211328 0.9984365081876356 0.05556861078808089 0.0012936206268739005 -0.9690054836290946 -0.019582819639263182 0.24626182382115686 20.03854313767791
36 0.23989023620234953 -0.05478957234277162 0.9692526901367244 24.894441801813297 -0.006384168458279874 0.9982955085919144 0.05801137749010914 0.01019871292046814 -0.9707790257405886 -0.020104234808389618 0.23913155986804507 20.186126951812454
37 0.22964567439300704 -0.057847416535781994 0.9715536735727558 25.86871539141109 -0.005844088643269434 0.9981321721131698 0.06081129517258666 0.05752523338704099 -0.9732567547755093 -0.019642895989222642 0.22887867074282547 20.406470267366206
38 0.22344335709684704 -0.06273218140140041 0.9726961188294692 26.860841205011702 -0.00593680904108078 0.9978206851269735 0.06571631936694913 0.0710206930734831 -0.9746988357063858 -0.020458585438326876 0.22258397506217958 20.530986263038624
39 0.2092907724456439 -0.06697984537327387 0.9755568014641066 27.825437360065095 -0.008107124881903845 0.9974981932138115 0.07022555846216529 0.12102507870075058 -0.9778198438193672 -0.022606521506948064 0.20822415378247228 20.78993380333705
40 0.1999801985628201 -0.06982885496074824 0.9773084728977063 28.81515570643644 -0.005307902792133775 0.997365322768267 0.07234804148898592 0.18783672376249116 -0.9797855613472195 -0.019655633387848693 0.19908267089739223 20.916400375750897
41 0.18576173526612008 -0.06848927253919668 0.9802049771644563 29.788786086633657 -0.006418667661311405 0.9974619604391911 0.070911481314743 0.2757302032141402 -0.9825738538658816 -0.01946424912035479 0.1848506551390407 21.126920251688432
42 0.17097370294460051 -0.06658654860261462 0.983023003009901 30.76841304186163 -0.00813032773112965 0.9975844305221249 0.06898696797819179 0.34825900009392585 -0.9852420466915159 -0.019787255863780617 0.1700193340079183 21.314191727360935
43 0.15254792013762122 -0.06611570337342541 0.9860820685060264 31.75408303872186 -0.007507465651190022 0.997653462823769 0.06805296521996643 0.4030927394262596 -0.9882675598889742 -0.017784314873776245 0.1516935997844528 21.473715754282086
44 0.13219457255141656 -0.06462162986437502 0.9891150792206238 32.74494255158864 -0.010017967301428848 0.9977345554539444 0.06652365883096992 0.4449280399836909 -0.9911731610792548 -0.01870298847584122 0.13124771608768118 21.601962499420377
45 0.10866935975835931 -0.06343857487361548 0.9920516707650434 33.74122052215183 -0.012988040766427655 0.997785860255693 0.0652279684709559 0.4971587832111113 -0.9939930990663055 -0.019973088425078982 0.1076048081980009 21.670534767265426
46 0.07448855475384737 -0.06443503065227668 0.9951379713564972 34.72637501314873 -0.01694785543733495 0.99768437445299 0.06586849905996671 0.5075164002116428 -0.997077843189858 -0.021771903088649475 0.07322403195510654 21.841892122557237
47 0.04150189607380716 -0.062225957074959336 0.9971988381904514 35.723110727617865 -0.02045536816049335 0.9977966363580013 0.06311458140611291 0.586648412186631 -0.99892901176035 -0.02301744347294174 0.040137597828758885 21.85789365306781
48 0.00877591502987116 -0.06408628637951909 0.9979057727127709 36.722796862410185 -0.02073237262164148 0.9977180281270321 0.06425655667537858 0.595929325009924 -0.9997465439122124 -0.021252863713635183 0.007427228255452668 21.834623648053423
49 -0.024600001255454175 -0.06311448197534056 0.9977030630920293 37.72125797668863 -0.021954729717542473 0.9977984941490047 0.06257918916859931 0.6282531741988581 -0.999456267091924 -0.020364852267019663 -0.02593150521705482 21.78956165938118
50 -0.057767770722028516 -0.060111184682107854 0.9965187053647925 38.71645385353808 -0.02425037114093317 0.9979755856413892 0.05879328161656118 0.6983571657199326 -0.9980354724353265 -0.02076959095099014 -0.059108542974145285 21.72121981668981
51 -0.09025969618910734 -0.057940561957917754 0.9942314008941038 39.71160101201911 -0.028394574083445843 0.9980501075805852 0.05558534807836662 0.7316782666218435 -0.9955134029776519 -0.023213659847296887 -0.09172889669211483 21.62863573729706
52 -0.12232027532130856 -0.054421961987297804 0.9909974774431939 40.70330388008085 -0.029261347420736668 0.998259191867439 0.051208977721504643 0.7433014244286708 -0.9920592340766381 -0.022734024534013568 -0.12369979875393619 21.500611056920636
53 -0.15328122953618534 -0.048167978167096816 0.9870079587071073 41.682817003864905 -0.024696545830245897 0.9986860577225608 0.04490254708382897 0.7704228929927674 -0.9878739521994337 -0.01749296896556763 -0.1542694091602231 21.301065358351437
54 -0.1828337613180451 -0.04264310347162471 0.9822186016608555 42.65916793683404 -0.019509577773842556 0.9990195366405535 0.03974093337569412 0.7676980783627351 -0.9829502491211981 -0.01189668517538394 -0.18348644809472056 21.084890843164885
55 -0.21033924868392245 -0.0370162840935968 0.9769274257461437 43.62584775585 -0.01248293783775518 0.9993031540545291 0.03517644893391546 0.7848974491624735 -0.9775487593382445 -0.004795935788072909 -0.210654746246505 20.82948076100174
56 -0.23512523295559254 -0.030451461016430304 0.9714879481236733 44.57478198238846 0.0006911587929950281 0.9995036107435513 0.03149689524569168 0.7880235259429834 -0.9719648385008415 0.00807716797142272 -0.2349874721673448 20.514022267652802
57 -0.2611077960068336 -0.01851286232265022 0.9651321115749275 45.54019928503296 0.00713237897107371 0.9997517910387227 0.02110652707270986 0.8275746612759322 -0.9652832994497664 0.012394767448233113 -0.2609109456180035 20.256330311675736
58 -0.2862523113294502 -0.002975830829741107 0.9581496535977158 46.498752909294986 0.011138406485843686 0.999917271424046 0.006433211393859687 0.8177774216848568 -0.9580895314797829 0.012513782658233857 -0.28619548373871273 19.97158662980833
59 -0.30914117297235233 0.015088060609271816 0.9508964641854187 47.421533414945415 0.012967972497344847 0.9998480566496271 -0.011648832699599258 0.8164197585166769 -0.9509277401807515 0.008730066108403836 -0.30928986226592564 19.5862629952687
60 -0.3371304385935573 0.028681848204391208 0.9410209450151991 48.3883699744995 0.008884303010999172 0.9995882399216668 -0.02728405707193213 0.7844536945437345 -0.9414160274491155 -0.0008379701900732718 -0.33724643966673745 19.33287548714607
61 -0.36022565300947035 0.03835306860998611 0.9320764566504727 49.279511814925414 0.012506091307264898 0.9992632500745946 -0.03628435931036721 0.6799273764618106 -0.9327813660265688 -0.0014139230293318274 -0.36043990347251964 18.891354849153434
62 -0.38585278215751767 0.042808056571112904 0.9215666556434808 50.20789090367994 0.012486853313513268 0.9990737050235328 -0.04118021885404966 0.66365587506539 -0.9224758583408518 -0.00438203364060808 -0.3860299063019436 18.520076636181418
63 -0.40841506629618146 0.041635225475339606 0.911846281794199 51.09825508262411 0.012958020731795823 0.99912298638787 -0.03981642588289956 0.6157848734510271 -0.9127043461921666 -0.004445904466868756 -0.4085963905560198 18.067351571473605
64 -0.42901478817199473 0.03718399521649276 0.9025318066580706 51.99138154912899 0.017020392925795748 0.9993077519011286 -0.033080556448675684 0.5463050250390962 -0.9031370981176299 0.0011693987845951676 -0.4293506894255037 17.622944487452706
65 -0.44705308892008355 0.03569814838031906 0.8937948186744155 52.88899332948204 0.024859850238163228 0.9993132297054834 -0.027478296557873837 0.459509586356746 -0.8941619113860249 0.009935348705617382 -0.4476335164759161 17.19078755712472
66 -0.46163983164047245 0.03550427318563564 0.8863566508062759 53.756559486069484 0.02603648148824151 0.9993105287735848 -0.026468258612176627 0.40302530946076776 -0.8866852698225597 0.0108588068052725 -0.462245950327817 16.696683817144812
67 -0.472812951187738 0.041135520941259725 0.8802021257109274 54.637742619044324 0.02924502676099073 0.9990919985411294 -0.030982363706319186 0.4139172697489483 -0.8806773767080966 0.011092672628621427 -0.4735866454710324 16.22403422532521
68 -0.4811555500432828 0.043293194144896144 0.8755655520880664 55.470717903913034 0.026351355433678836 0.9990427253712051 -0.03491760228985659 0.4197851432927377 -0.8762390900794855 0.006271541659171027 -0.48183578611586997 15.67075514285097
69 -0.48986101094316037 0.04462621801625026 0.8706576196320305 56.301569926681026 0.01993100507065214 0.9990012499163442 -0.03999072020412723 0.41086816698373996 -0.8715726850128573 -0.0022368124688439406 -0.4902612073267311 15.114333138024179
70 -0.4993778398944909 0.043391119691534356 0.8652970494311358 57.123107642610584 0.018942829095321294 0.9990531403682267 -0.03916620924009254 0.38246239702609275 -0.8661772004152998 -0.0031675621164904745 -0.4997269494743683 14.544887009275769
71 -0.5073926847034669 0.044630893054747524 0.8605583924955624 57.982936161529146 0.02200567252738268 0.9990032499647897 -0.038836283761380715 0.2938998046728166 -0.8614339290720522 -0.0007680793786344143 -0.5078690735785756 14.042043514355832
72 -0.5160797904639797 0.04768472715897413 0.8552121471719349 58.839953507364214 0.025444102033078963 0.998861992717578 -0.04034001953382034 0.24356595037649284 -0.8561625125033185 0.0009414370321958677 -0.5167057827045525 13.529220172088548
73 -0.5197514442190083 0.04877351444337927 0.8529241352670817 59.693030636293294 0.025639959307225433 0.9988098177621538 -0.04149145006680775 0.1736178452477992 -0.8539326841091021 0.00030369975371970605 -0.5203833959463822 13.012145058416426
74 -0.5183729769199346 0.052538171954386204 0.853539218364838 60.5190766412232 0.025540374178041055 0.9986168671824811 -0.045956956660357616 0.15578513509399022 -0.8547731549109367 -0.002023132692107751 -0.5189978425559386 12.448824545991094
75 -0.5141905560913763 0.05250771813416195 0.8560671770152076 61.33793403256139 0.027154014071494127 0.9986205088646596 -0.04494150414353025 0.103353019534131 -0.8572460159213138 0.00013716389309430837 -0.5149070298346159 11.877227260801206
76 -0.5059279764542683 0.052669962773289426 0.8609661768399218 62.175794179208246 0.025249038743452367 0.9986105906525883 -0.04625337046108297 0.07923921990686277 -0.8622061058408403 -0.001662305036260344 -0.5065549010647754 11.331875160184511
77 -0.4994040872770337 0.05131007834886956 0.8648484453768923 63.03952995081231 0.020294891232388833 0.9986636202173715 -0.04752989631998767 0.049507037642142884 -0.8661314422593519 -0.0061846186295848905 -0.49977802594966686 10.828808067763193
78 -0.49017915496196374 0.05169172763814842 0.8700875595792416 63.88495215756373 0.020565982119927002 0.9986478965101365 -0.04774326314059381 -0.0003930228311627218 -0.8713790430607363 -0.005508546459141532 -0.49057947289961806 10.297045646970837
79 -0.4837082557952227 0.0500430552729944 0.8737974684642255 64.74583231941905 0.01712251317357452 0.998714050024617 -0.047718610898024566 -0.07455515387584608 -0.8750617938666004 -0.008120276652990815 -0.48394309378484807 9.793671698119756
80 -0.47807383530231823 0.04778435799696604 0.8770188499286382 65.60982348543041 0.010270430392695573 0.9987548559130532 -0.048818603519919436 -0.10394391471015019 -0.8782596008766932 -0.014331535239689594 -0.4779693301516205 9.291023134659484
81 -0.47708628535757835 0.04440458304752523 0.8777339627290744 66.50493520861386 0.006011148926169468 0.9988642861801205 -0.04726525026333743 -0.17414594704731123 -0.8788359020263805 -0.017273412380277398 -0.47681137416616076 8.85074292805483
82 -0.47746154633299986 0.04207844828367587 0.8776445043201375 67.3777609815186 -0.0006948734398135867 0.9988342327786937 -0.04826688906789536 -0.20999287942473882 -0.8786523710837782 -0.0236554346206722 -0.47687569785192874 8.36402929458436
83 -0.47682110808522093 0.040938272590527076 0.8780465185408385 68.25834686758799 -0.0036454878081043727 0.9988141664548527 -0.048548648876446984 -0.2630311095369588 -0.8789927995117236 -0.026349927705980648 -0.47610643738184827 7.893120155276611
84 -0.47673327278969646 0.04061351625595162 0.8781092921228848 69.11826567833963 -0.003524639839659586 0.9988357858949886 -0.048110806785280555 -0.30418768363068055 -0.8790409340977637 -0.02603104064436994 -0.47603510490667145 7.38435126768631
85 -0.47645065193791136 0.03992261677015634 0.8782943475499336 69.98476680601188 -0.0034168609385684676 0.998876909634362 -0.047257215963511484 -0.3553578152448375 -0.8791945755174179 -0.025516740277980288 -0.4757791445054488 6.887805816179784
86 -0.47717405855787376 0.03914918736995018 0.8779363638485884 70.8795936578584 -0.003408751369449404 0.9989172762659783 -0.04639671961949046 -0.38654860215498016 -0.8788021953453399 -0.025131977062082686 -0.47652396076710046 6.442483392987775
87 -0.47708849828111055 0.03923856754550136 0.8779788719695102 71.7759310656721 -0.003025162983761814 0.9989235704288982 -0.04628767471468677 -0.45957290264303496 -0.87885005176455 -0.02473934567744718 -0.47645624278510856 6.0051658014215805
88 -0.47763498304100516 0.037983893968710984 0.877736889263744 72.6519644901663 -0.005705399857553798 0.9989097882198007 -0.046332314976998586 -0.5061938162816935 -0.8785398520734738 -0.02713777367658633 -0.47689754618638924 5.525174211286263
89 -0.4780624780001647 0.03845770656746828 0.877483488126081 73.55448694415047 -0.006632229786946602 0.9988544268237356 -0.04739037394523418 -0.5581362615134612 -0.8783007918424928 -0.028475231004316395 -0.4772597618363642 5.0976754316816955
90 -0.4783659367000553 0.03747169006372054 0.8773607599208255 74.4419017760706 -0.008177864023030727 0.9988557816425213 -0.04711952906512828 -0.6169616374016692 -0.8781225161911883 -0.0297153139274169 -0.47751214296209465 4.640472549909333
91 -0.4776788297598915 0.0359382469003465 0.8777991672409764 75.34422935451218 -0.00462867438545729 0.9990461377332982 -0.0434210784481913 -0.747113547372134 -0.878522345341709 -0.024804375736951635 -0.47705684323736913 4.2295401678308036
92 -0.4757870766899107 0.033577549892775026 0.878919339756538 76.21787677180602 -0.003526326785550433 0.9991902034300579 -0.040081197447082356 -0.8098697295149148 -0.879553422461714 -0.022169471850325688 -0.4752833802625166 3.747044726437947
93 -0.4739859498117523 0.0319717487636035 0.8799517751911463 77.14150605552665 -0.003082958696493491 0.9992742078091708 -0.03796778862432562 -0.9102594349626916 -0.8805270098272077 -0.020709052608286517 -0.47354336665697755 3.3771381542686583
94 -0.47015381342098084 0.03329735615296564 0.8819561654634167 77.99658979238761 -0.002795576956464889 0.9992268830277913 -0.03921506067873671 -0.9516695998528034 -0.8825800681874163 -0.020902685931119935 -0.46969724393396356 2.8603045629680737
95 -0.46869011628662105 0.03232139091191119 0.8827711496105628 78.88246314179233 -0.005938503105740974 0.9991925295239573 -0.03973692394198013 -1.0143682163254877 -0.8833426907865392 -0.023866641993912342 -0.46811972190234796 2.4006337131457967
96 -0.46604999413537357 0.03448023154080702 0.884086260836188 79.74157332390429 -0.00555983707816372 0.9991064645476491 -0.041897025082375985 -1.0408565212573786 -0.8847409177077595 -0.02444148314360057 -0.4654418572017057 1.8895289455417315
97 -0.4706277774241183 0.03231375372245696 0.8817399369639557 80.67862646517344 -0.012119624556650901 0.9989981193689761 -0.04307983516504478 -1.1578943844904852 -0.8822486101525261 -0.030960923345324336 -0.46976463373644983 1.560540307910055
98 -0.4723490631555327 0.03489167406387776 0.8807206898995347 81.53762621098194 -0.010299094514476113 0.9989294587245044 -0.0450983940350729 -1.2293500781880873 -0.881351400682668 -0.03037280907477956 -0.47148404106990344 1.053575317868432
99 -0.479388781588125 0.033768815429739724 0.8769527143420713 82.4726276657836 -0.01381169122702582 0.9988453660194475 -0.046012737007463764 -1.3187722062863774 -0.8774939507354564 -0.034170189319545206 -0.47836885829299836 0.7103903108215466
100 -0.4859050147706839 0.03225020587069097 0.8734164189216966 83.3568219994907 -0.01291402956619855 0.9989449894940108 -0.04406966990082081 -1.363301793761854 -0.8739162115254476 -0.03269299833890982 -0.4849758994966875 0.2453983703596359
101 -0.4910027693070112 0.02965631558600644 0.8706530787166092 84.22899305325933 -0.013832085250915682 0.9990290055776322 -0.041829647765335876 -1.4233684517103307 -0.8710481928455923 -0.03258141977877572 -0.4901157994042091 -0.2401010056703768
102 -0.495902302775618 0.026219207994259478 0.8679824072145669 85.10535122105692 -0.016336262111133124 0.999085514190368 -0.03951280647078149 -1.499698464664659 -0.8682246442921618 -0.03377407910930744 -0.49502048303486096 -0.7156743930897886
103 -0.4997428743262583 0.02992311152944944 0.8656567835791081 85.9644158839224 -0.013214398845677888 0.9990234022176698 -0.04216184868541834 -1.5554029265400013 -0.8660729989643012 -0.03250921672863226 -0.49885941034791803 -1.2245014025045162
104 -0.5076806770316643 0.030756924564144736 0.8609961334175826 86.87102376392183 -0.01647208247576329 0.9988333712600652 -0.04539346821027353 -1.5864069339553355 -0.8613878342456344 -0.03722778527261745 -0.5065817713038157 -1.645334968018411
105 -0.5140588977772488 0.03155942817277922 0.8571741083988996 87.76501778417408 -0.018069569848162992 0.9987027005190534 -0.04760679175753093 -1.6715279357218213 -0.8575645401861348 -0.03996146159900026 -0.5128217438859378 -2.08525439102744
106 -0.5195296132612972 0.031138986708563157 0.8538848543283412 88.65746189749926 -0.017895883396667582 0.9987199714603465 -0.04730915306460412 -1.7701548463172376 -0.8542650166235699 -0.03985952906040695 -0.5183073405964975 -2.5255000400134784
107 -0.5236813052551625 0.030264726012494476 0.8513764953800637 89.52253104796907 -0.017463195827097624 0.9987774184473878 -0.04624613703941582 -1.8238869202690655 -0.8517352450401007 -0.03908599114727054 -0.5225125430575946 -3.0242667553736493
108 -0.5272240710501886 0.022280183516310965 0.8494341483174235 90.40334455938795 -0.014985239150725155 0.9992569317355653 -0.03551094177873137 -1.9435071000907949 -0.8495941512491727 -0.031451196427168586 -0.5264984334321391 -3.482369992345362
109 -0.5290818471696194 0.013090377428623054 0.8484698232785661 91.25479796755869 -0.014892713918622333 0.9995837626028158 -0.024708472492828357 -2.0116794684855583 -0.8484401018293424 -0.02570882189724758 -0.5286666720008646 -4.002350404682556
110 -0.5308758536532471 0.010602561262110032 0.8473832743821541 92.10923521599713 -0.015014590259593645 0.9996471032985609 -0.021914172266516502 -2.064378356545406 -0.8473165821654238 -0.024356816850905662 -0.5305293159292854 -4.519225468362828
111 -0.531450717352897 0.015218571222849735 0.8469524957841663 92.95298950881488 -0.013158210232603574 0.9995696599590047 -0.02621748258144088 -2.124980353981507 -0.8469870110289216 -0.025077678204265198 -0.5310217633997464 -5.052522870950222
112 -0.531974108630785 0.023042694481417828 0.8464470343604021 93.79359156236524 -0.007803401746358525 0.9994538060881998 -0.032112247149489695 -2.1782615854397234 -0.8467246630306762 -0.023688049599639584 -0.531503735943363 -5.591549125798015
113 -0.5332307180287558 0.02758875134754876 0.845519876850699 94.65509327825443 -0.001828525906232056 0.9994281661645882 -0.033763844121967104 -2.2214613323529773 -0.8459678824597187 -0.01954997312212249 -0.5328753516513456 -6.097462727196128
114 -0.5318792174867527 0.02808899932472201 0.8463542438734596 95.47293792805722 -0.001435664186184837 0.9994183786739043 -0.0340711496307748 -2.2397901990469204 -0.8468190108771197 -0.019336816159581084 -0.5315295385563329 -6.6726098121616895
115 -0.5323312518084157 0.025124062158374583 0.8461632347536423 96.33898372958325 0.0003333807854276718 0.9995656357768102 -0.029469113175429204 -2.3056121858879366 -0.8465360757299094 -0.015405234621799671 -0.53210840176984 -7.168222704451242
116 -0.5280298064225477 0.021434496629278193 0.8489552908626086 97.1571436888329 0.0019515353619143643 0.9997094065755813 -0.02402694142048857 -2.34970273677838 -0.8492235956109794 -0.01103017423678098 -0.5279181943387319 -7.741520447322293
117 -0.5242544493017821 0.015657233501203478 0.8514177138316856 97.98023410980689 -0.0022917027109739785 0.999801392729589 -0.019797050150261408 -2.366324830528785 -0.8515585833007673 -0.012329887189585638 -0.524114446555982 -8.30918745743116
118 -0.5188478713785692 0.010365932795134604 0.854803739932866 98.79846945703333 -0.007256789621665649 0.9998370452964227 -0.016529423985706695 -2.4426905317265915 -0.8548357887230486 -0.014779386642683391 -0.5186880990043156 -8.87897620108215
119 -0.5169839278737475 0.004682371951654086 0.8559822975465897 99.67160462586148 -0.014943307659457616 0.9997832838965253 -0.014494233241818649 -2.482907328860408 -0.8558646599765176 -0.020284491742217567 -0.5168019187251931 -9.364792614170529
120 -0.5129648710923582 0.005268356958718727 0.8583934327801884 100.51120359292946 -0.009617970646665523 0.9998831219589894 -0.01188432001328406 -2.535464192441578 -0.8583557164591289 -0.014352240809190134 -0.5128542455763542 -9.905450864939574
121 -0.507494020950989 0.00966846967019535 0.8616010326091967 101.35463741837432 -0.0011324926812203977 0.9999286966694803 -0.011887768385821996 -2.6004381308844984 -0.8616545342879044 -0.007008727526069052 -0.507446885180667 -10.43874043371096
122 -0.5009997012375167 0.013704312936717677 0.8653389458280796 102.20244240379014 -0.002195115485001874 0.9998512811698909 -0.017105467281817246 -2.5813310711052733 -0.8654446724813373 -0.010469352200412736 -0.5008951103156987 -10.968704226415603
123 -0.4897636954189507 0.017233328367404283 0.8716848828808236 103.04417277657993 0.002944019199260428 0.9998316175383141 -0.018112683999524506 -2.5899642247360024 -0.8718502484302866 -0.006304677300399061 -0.4897319627675804 -11.508533342688226
124 -0.4787613159361588 0.02196746340792411 0.877670230163072 103.89320370279722 0.00991415783868459 0.9997584483157562 -0.019615159841686373 -2.6080706812220082 -0.8778891229029891 -0.0006896178261332928 -0.4788634589482433 -12.036566155226021
125 -0.46858189873831185 0.02054971908026057 0.8831810195087537 104.77698516360573 0.005037588420383222 0.9997753148130426 -0.020589866278900342 -2.630342852474971 -0.8834056979403638 -0.005198935439407521 -0.4685801360672435 -12.503935719455308
126 -0.45807237917518007 0.019183435246822516 0.8887078773415489 105.66500627217836 0.00010063235087163975 0.99976822157492 -0.021528887617500072 -2.637154267809818 -0.8889148922070274 -0.009772355290129865 -0.4579681380671073 -12.963687973569847
127 -0.4462122762592514 0.016501967581921517 0.8947749938288749 106.56362710520561 0.0003827858608335621 0.999833406675721 -0.018248626529197655 -2.654749232794727 -0.8949270686834246 -0.007800253247922704 -0.44614425670063446 -13.402061142850735
128 -0.4366399391969973 0.015994554596507945 0.8994941565798537 107.48465750976895 0.0007914556709920913 0.9998483852410598 -0.017394830518352916 -2.6991244792680944 -0.899636002704857 -0.006883367270778894 -0.43658639682454825 -13.789015677462144
129 -0.4198299046188493 0.01712451126485416 0.9074412390351613 108.36256141369961 0.0043378405370229104 0.9998484261065183 -0.016861433859245847 -2.7227749940022985 -0.9075924385875597 -0.003142598058978762 -0.41984055246739316 -14.267268158382603
130 -0.40756347606694554 0.01661086432455851 0.9130257894290941 109.27675600881689 -0.0041840714825167775 0.9997900810543265 -0.020057102762076937 -2.70709533102494 -0.9131672939726594 -0.011994706971881559 -0.4074084194310528 -14.672240253727455
131 -0.39297098535147645 0.020853630736570348 0.9193143808061492 110.18315381498023 -0.0028743132353501798 0.999710079316612 -0.02390597490574927 -2.7607757217142934 -0.9195463790617219 -0.012036751287294064 -0.3927971147716376 -15.091240768851174
132 -0.3799965470202849 0.031854658774218794 0.9244392381152153 111.10582385381477 0.002307798371959888 0.9994363780312929 -0.03349030209419934 -2.7962592474686687 -0.9249850261252415 -0.010592779062803686 -0.37985588645670876 -15.475195083317972
133 -0.36644197571350967 0.03718445205942655 0.9296975825289756 112.03799217181158 0.0003523964880763206 0.9992065817038751 -0.039825656257848466 -2.8171766634400885 -0.9304408387876679 -0.01426616927554282 -0.36616433732724724 -15.836615481212327
134 -0.3554761174488579 0.034385302153355675 0.9340526649602311 112.98648250670948 0.00036793298859712264 0.9993281589757619 -0.03664826467142888 -2.879495654639698 -0.9346852918361634 -0.012683913324366285 -0.3552499452046757 -16.1472316286741
135 -0.34114226357959543 0.03145871010372354 0.9394851279069835 113.91280707964596 0.005088427227954729 0.9994870042964149 -0.03162018581414141 -2.959572076133342 -0.9399979064444165 -0.00600647933548239 -0.34112733412335317 -16.515349173898944
136 -0.3293583749596176 0.03293531001853247 0.9436303970294431 114.84971321235936 0.007602604537609836 0.999451561384578 -0.032230061280906865 -3.032300920239416 -0.9441743808480987 -0.003441191146707039 -0.32942813594713005 -16.85728102714503
137 -0.3215563383116025 0.03895575096206095 0.9460887753052656 115.79970592638797 0.011045633400694784 0.9992396987470814 -0.03739008465645131 -3.1172312026413516 -0.9468260217521124 -0.0015728682095149083 -0.3217421492727729 -17.157781762277192
138 -0.3170707393423206 0.044905340490381335 0.9473381954974466 116.75401740125085 0.006968167947509775 0.9989617759901253 -0.04502015933009567 -3.1609098337282147 -0.9483762919241914 -0.007673362827715853 -0.31705445655129116 -17.453385883733073
139 -0.3143425506830044 0.04633919171452206 0.9481779580549997 117.70861795232089 0.0020642065828803575 0.9988389107342047 -0.04813075372865458 -3.2155727348486627 -0.9493073791359308 -0.01317230798313149 -0.3140732242972435 -17.74621642243359
140 -0.3111070105132165 0.04591018977491547 0.9492653382929148 118.65908529511735 -0.00015071131701880694 0.9988301176668372 -0.04835672991164881 -3.2747594197067844 -0.950374876297472 -0.01518718198302545 -0.3107361324435561 -18.05135369825233
141 -0.30656822269276296 0.04599145662905322 0.9507369303609382 119.61378736659 0.002068639735356162 0.998861835285991 -0.04765243686048829 -3.35083082137491 -0.9518464402206781 -0.012641989955916649 -0.3063144370237516 -18.33902900223314
142 -0.3018373925255236 0.04099269406400849 0.9524777097164892 120.57674961609521 0.002312313087253361 0.9991036915152485 -0.042266615771592936 -3.441057398384618 -0.9533566184144394 -0.010555217696045725 -0.30166164075794705 -18.593121273677376
143 -0.296123640977246 0.03635097554157439 0.9544576448599256 121.53375658474462 -0.0005475079561269994 0.9992689119871112 -0.038227500194555994 -3.4902065272627865 -0.9551494593428976 -0.011842638973046379 -0.29588724578651304 -18.878991968171864
144 -0.28706671097811454 0.035609744991910205 0.9572484784578242 122.48174357379038 -0.004100561518009683 0.9992539553117742 -0.03840205969741301 -3.5267699305340767 -0.9579018159689429 -0.014949208521951498 -0.2867065261342562 -19.19519408352676
145 -0.2820538208204116 0.03400387485170376 0.9587957961191098 123.45431238652404 -0.015998412922035323 0.9990660436355454 -0.040138401044218425 -3.57415082437031 -0.9592651839565305 -0.026660399706943443 -0.28124638653023376 -19.422932852779276
146 -0.27517217933302474 0.035569513604535474 0.9607367388744178 124.42190431616434 -0.021228134366452902 0.9988469111450532 -0.043060589955296755 -3.6234306003803627 -0.961160568397461 -0.03224372424117588 -0.2740998066488412 -19.67059667229791
147 -0.2702075928697155 0.039475777647126765 0.9619924738451489 125.39530146579999 -0.019791233959589382 0.998720258351842 -0.04654194469485459 -3.6909233227774436 -0.9625986515774203 -0.03161500423566127 -0.26908052231351615 -19.889554958180547
148 -0.26380015192838824 0.0426286344469404 0.9636349305456654 126.3633342257889 -0.01946972313313887 0.9985841082611969 -0.049504632200443564 -3.758831192620243 -0.9643808427815996 -0.031821034068759295 -0.2625966714690986 -20.131011147652128
149 -0.2565701103325887 0.042019456244399005 0.9656117976603483 127.32957701217822 -0.022173700262600137 0.9985356820239678 -0.04934388251430728 -3.8014938676261916 -0.9662712381626789 -0.03407135122650517 -0.25526268298591337 -20.385087476230215
150 -0.2502709728957561 0.03721709978496992 0.967460246009834 128.30350061253432 -0.023941956040855028 0.9987174072090603 -0.044613039333159896 -3.861096441388224 -0.9678797565117411 -0.034328238714716804 -0.24905892668507568 -20.603994606532055
151 -0.24446648052254483 0.0341364697246738 0.9690566760183112 129.284401102011 -0.025573492115479105 0.9988055103854032 -0.04163590907817457 -3.9211015729467715 -0.9693204509341283 -0.03496074669602037 -0.24330147881038128 -20.789017866098074
152 -0.2374504503509287 0.038915410117371554 0.9706198403512776 130.2590000251822 -0.02612914638437903 0.9985798179287882 -0.046428600393766506 -3.9617563359753287 -0.9710481715811216 -0.03638595924003152 -0.23609640073314805 -21.009254359605556
153 -0.22932952709919097 0.04192903307004464 0.9724453322353264 131.2211712936234 -0.021868148363874504 0.9985976254344121 -0.048213759072298724 -4.032571748722108 -0.9731031560273176 -0.03232241664301084 -0.22809101059014275 -21.272335377382504
154 -0.22360021956124634 0.04474417461842251 0.9736533780816866 132.20618707564958 -0.02317162876365178 0.9984193804001296 -0.05120367625330405 -4.049490151892673 -0.9744054687929389 -0.03401028714734026 -0.2222099969726203 -21.443967765225292
155 -0.21692055814596778 0.04505943837359259 0.9751487673514744 133.19372260976007 -0.021860988980451003 0.9984593864179622 -0.05099951798453945 -4.087159220773758 -0.9759444496432262 -0.03238055963699012 -0.21560132320600053 -21.596789885355538
156 -0.2082015002021129 0.044752890897999796 0.9770615712788333 134.1649796775799 -0.01725270787953173 0.9986292058830499 -0.049417134965564935 -4.1540060707157265 -0.9779337807579099 -0.02714567877833191 -0.20714398995917432 -21.825243822127252
157 -0.2015082845822937 0.046794024754661045 0.9783684022350492 135.14630321939805 -0.0167400523880299 0.9985477515144279 -0.051207017014451954 -4.1936678567568695 -0.9793437507069893 -0.026696575737949618 -0.20043230975827517 -22.01347530270915
158 -0.1947746339303644 0.046024391972973235 0.9797676241440172 136.12393620109705 -0.013949778148209416 0.9986674955447151 -0.04968538046602631 -4.2829929682092605 -0.9807488189219433 -0.02334499205832848 -0.19387306550682143 -22.203882166899316
159 -0.18911308313055733 0.046432320112641805 0.9808569118061072 137.11213777623038 -0.018032103075563726 0.9985487656176363 -0.050746486993277176 -4.337617468628401 -0.9817897357375048 -0.02728373682211579 -0.18800136304161424 -22.346968899768342
160 -0.1822988661758666 0.04648880653437281 0.9821435303752728 138.09211731122562 -0.01955532117574078 0.9985126220997484 -0.050893348496541486 -4.390268114842228 -0.9830486829015478 -0.02848393117668937 -0.1811186150296446 -22.538979435486326
161 -0.17834729013282014 0.0463754000568017 0.9828741355696834 139.07484908529773 -0.02081388026289581 0.9984874087846056 -0.05088886800664121 -4.4470070983647645 -0.9837474404742659 -0.029533315550924682 -0.17711227126572282 -22.715101363281644
162 -0.17525451262797576 0.04699987278263845 0.9834006649183982 140.06898609171165 -0.020462184702288826 0.9984702095950568 -0.051366716348277254 -4.496655571154077 -0.984310497224955 -0.029124774153398814 -0.17402468957960615 -22.811156740727984
163 -0.1705891143753393 0.04679240191435657 0.9842305752107704 141.0430951362967 -0.022815973456636524 0.9984163845306866 -0.05142134241625707 -4.553036278230375 -0.9850780606422317 -0.031228099214675682 -0.16925135231595795 -23.03009230528791
